19950712,0600,-999,10,17.5N,56.5W,25,1012,-999,-999,-999,-999,-999,-999,-999,-999,-999,-999,-999,-999,-999
19950712,1200,-999,10,18.1N,58.3W,25,1012,-999,-999,-999,-999,-999,-999,-999,-999,-999,-999,-999,-999,-999
19950712,1800,-999,10,18.7N,59.9W,30,1011,-999,-999,-999,-999,-999,-999,-999,-999,-999,-999,-999,-999,-999
19950713,0000,-999,10,19.2N,61.0W,30,1011,-999,-999,-999,-999,-999,-999,-999,-999,-999,-999,-999,-999,-999
19950713,0600,-999,10,19.6N,61.9W,30,1011,-999,-999,-999,-999,-999,-999,-999,-999,-999,-999,-999,-999,-999
19950713,1200,-999,10,20.1N,62.7W,30,1010,-999,-999,-999,-999,-999,-999,-999,-999,-999,-999,-999,-999,-999
19950713,1800,-999,10,20.6N,63.6W,30,1010,-999,-999,-999,-999,-999,-999,-999,-999,-999,-999,-999,-999,-999
19950714,0000,-999,11,21.1N,64.4W,35,1006,-999,-999,-999,-999,-999,-999,-999,-999,-999,-999,-999,-999,-999
19950714,0600,-999,11,21.1N,64.9W,35,1008,-999,-999,-999,-999,-999,-999,-999,-999,-999,-999,-999,-999,-999
19950714,1200,-999,11,21.1N,65.2W,35,1009,-999,-999,-999,-999,-999,-999,-999,-999,-999,-999,-999,-999,-999
19950714,1800,-999,11,21.3N,65.5W,40,1010,-999,-999,-999,-999,-999,-999,-999,-999,-999,-999,-999,-999,-999
19950715,0000,-999,11,21.8N,66.0W,40,1009,-999,-999,-999,-999,-999,-999,-999,-999,-999,-999,-999,-999,-999
19950715,0600,-999,11,22.3N,66.7W,45,1006,-999,-999,-999,-999,-999,-999,-999,-999,-999,-999,-999,-999,-999
19950715,1200,-999,11,22.7N,67.5W,45,1006,-999,-999,-999,-999,-999,-999,-999,-999,-999,-999,-999,-999,-999
19950715,1800,-999,11,23.2N,67.9W,45,1005,-999,-999,-999,-999,-999,-999,-999,-999,-999,-999,-999,-999,-999
19950716,0000,-999,11,23.7N,68.2W,45,1004,-999,-999,-999,-999,-999,-999,-999,-999,-999,-999,-999,-999,-999
19950716,0600,-999,11,24.5N,68.4W,50,999,-999,-999,-999,-999,-999,-999,-999,-999,-999,-999,-999,-999,-999
19950716,1200,-999,11,25.3N,68.8W,50,999,-999,-999,-999,-999,-999,-999,-999,-999,-999,-999,-999,-999,-999
19950716,1800,-999,11,26.2N,69.1W,55,997,-999,-999,-999,-999,-999,-999,-999,-999,-999,-999,-999,-999,-999
19950717,0000,-999,11,27.2N,69.4W,60,991,-999,-999,-999,-999,-999,-999,-999,-999,-999,-999,-999,-999,-999
19950717,0600,-999,11,28.2N,69.6W,60,995,-999,-999,-999,-999,-999,-999,-999,-999,-999,-999,-999,-999,-999
19950717,1200,-999,11,29.3N,69.8W,60,997,-999,-999,-999,-999,-999,-999,-999,-999,-999,-999,-999,-999,-999
19950717,1800,-999,11,30.5N,69.8W,55,995,-999,-999,-999,-999,-999,-999,-999,-999,-999,-999,-999,-999,-999
19950718,0000,-999,11,31.6N,69.7W,55,994,-999,-999,-999,-999,-999,-999,-999,-999,-999,-999,-999,-999,-999
19950718,0600,-999,11,32.6N,69.0W,55,994,-999,-999,-999,-999,-999,-999,-999,-999,-999,-999,-999,-999,-999
19950718,1200,-999,11,33.6N,68.1W,50,995,-999,-999,-999,-999,-999,-999,-999,-999,-999,-999,-999,-999,-999
19950718,1800,-999,11,34.6N,67.3W,50,996,-999,-999,-999,-999,-999,-999,-999,-999,-999,-999,-999,-999,-999
19950719,0000,-999,11,35.4N,65.8W,50,997,-999,-999,-999,-999,-999,-999,-999,-999,-999,-999,-999,-999,-999
19950719,0600,-999,11,36.2N,64.1W,50,997,-999,-999,-999,-999,-999,-999,-999,-999,-999,-999,-999,-999,-999
19950719,1200,-999,11,37.1N,62.4W,50,998,-999,-999,-999,-999,-999,-999,-999,-999,-999,-999,-999,-999,-999
19950719,1800,-999,11,38.2N,60.2W,50,998,-999,-999,-999,-999,-999,-999,-999,-999,-999,-999,-999,-999,-999
19950720,0000,-999,11,39.5N,57.6W,50,999,-999,-999,-999,-999,-999,-999,-999,-999,-999,-999,-999,-999,-999
19950720,0600,-999,11,41.1N,54.7W,50,999,-999,-999,-999,-999,-999,-999,-999,-999,-999,-999,-999,-999,-999
19950720,1200,-999,11,43.0N,51.7W,50,1000,-999,-999,-999,-999,-999,-999,-999,-999,-999,-999,-999,-999,-999
19950720,1800,-999,13,45.4N,48.8W,50,1000,-999,-999,-999,-999,-999,-999,-999,-999,-999,-999,-999,-999,-999
19950721,0000,-999,13,47.7N,45.2W,50,1001,-999,-999,-999,-999,-999,-999,-999,-999,-999,-999,-999,-999,-999
19950721,0600,-999,13,49.7N,41.6W,50,1002,-999,-999,-999,-999,-999,-999,-999,-999,-999,-999,-999,-999,-999
19950721,1200,-999,13,51.4N,37.0W,50,1003,-999,-999,-999,-999,-999,-999,-999,-999,-999,-999,-999,-999,-999
19950721,1800,-999,13,53.0N,31.0W,50,1005,-999,-999,-999,-999,-999,-999,-999,-999,-999,-999,-999,-999,-999
19950722,0000,-999,13,55.0N,20.0W,50,1005,-999,-999,-999,-999,-999,-999,-999,-999,-999,-999,-999,-999,-999
-999,-999,-999,-999,-999,-999,-999,-999,-999,-999,-999,-999,-999,-999,-999,-999,-999,-999,-999,-999,-999
-999,-999,-999,-999,-999,-999,-999,-999,-999,-999,-999,-999,-999,-999,-999,-999,-999,-999,-999,-999,-999
-999,-999,-999,-999,-999,-999,-999,-999,-999,-999,-999,-999,-999,-999,-999,-999,-999,-999,-999,-999,-999
-999,-999,-999,-999,-999,-999,-999,-999,-999,-999,-999,-999,-999,-999,-999,-999,-999,-999,-999,-999,-999
-999,-999,-999,-999,-999,-999,-999,-999,-999,-999,-999,-999,-999,-999,-999,-999,-999,-999,-999,-999,-999
-999,-999,-999,-999,-999,-999,-999,-999,-999,-999,-999,-999,-999,-999,-999,-999,-999,-999,-999,-999,-999
-999,-999,-999,-999,-999,-999,-999,-999,-999,-999,-999,-999,-999,-999,-999,-999,-999,-999,-999,-999,-999
-999,-999,-999,-999,-999,-999,-999,-999,-999,-999,-999,-999,-999,-999,-999,-999,-999,-999,-999,-999,-999
-999,-999,-999,-999,-999,-999,-999,-999,-999,-999,-999,-999,-999,-999,-999,-999,-999,-999,-999,-999,-999
-999,-999,-999,-999,-999,-999,-999,-999,-999,-999,-999,-999,-999,-999,-999,-999,-999,-999,-999,-999,-999
-999,-999,-999,-999,-999,-999,-999,-999,-999,-999,-999,-999,-999,-999,-999,-999,-999,-999,-999,-999,-999
-999,-999,-999,-999,-999,-999,-999,-999,-999,-999,-999,-999,-999,-999,-999,-999,-999,-999,-999,-999,-999
-999,-999,-999,-999,-999,-999,-999,-999,-999,-999,-999,-999,-999,-999,-999,-999,-999,-999,-999,-999,-999
-999,-999,-999,-999,-999,-999,-999,-999,-999,-999,-999,-999,-999,-999,-999,-999,-999,-999,-999,-999,-999
-999,-999,-999,-999,-999,-999,-999,-999,-999,-999,-999,-999,-999,-999,-999,-999,-999,-999,-999,-999,-999
-999,-999,-999,-999,-999,-999,-999,-999,-999,-999,-999,-999,-999,-999,-999,-999,-999,-999,-999,-999,-999
-999,-999,-999,-999,-999,-999,-999,-999,-999,-999,-999,-999,-999,-999,-999,-999,-999,-999,-999,-999,-999
-999,-999,-999,-999,-999,-999,-999,-999,-999,-999,-999,-999,-999,-999,-999,-999,-999,-999,-999,-999,-999
-999,-999,-999,-999,-999,-999,-999,-999,-999,-999,-999,-999,-999,-999,-999,-999,-999,-999,-999,-999,-999
-999,-999,-999,-999,-999,-999,-999,-999,-999,-999,-999,-999,-999,-999,-999,-999,-999,-999,-999,-999,-999
-999,-999,-999,-999,-999,-999,-999,-999,-999,-999,-999,-999,-999,-999,-999,-999,-999,-999,-999,-999,-999
-999,-999,-999,-999,-999,-999,-999,-999,-999,-999,-999,-999,-999,-999,-999,-999,-999,-999,-999,-999,-999
-999,-999,-999,-999,-999,-999,-999,-999,-999,-999,-999,-999,-999,-999,-999,-999,-999,-999,-999,-999,-999
-999,-999,-999,-999,-999,-999,-999,-999,-999,-999,-999,-999,-999,-999,-999,-999,-999,-999,-999,-999,-999
-999,-999,-999,-999,-999,-999,-999,-999,-999,-999,-999,-999,-999,-999,-999,-999,-999,-999,-999,-999,-999
-999,-999,-999,-999,-999,-999,-999,-999,-999,-999,-999,-999,-999,-999,-999,-999,-999,-999,-999,-999,-999
-999,-999,-999,-999,-999,-999,-999,-999,-999,-999,-999,-999,-999,-999,-999,-999,-999,-999,-999,-999,-999
-999,-999,-999,-999,-999,-999,-999,-999,-999,-999,-999,-999,-999,-999,-999,-999,-999,-999,-999,-999,-999
-999,-999,-999,-999,-999,-999,-999,-999,-999,-999,-999,-999,-999,-999,-999,-999,-999,-999,-999,-999,-999
-999,-999,-999,-999,-999,-999,-999,-999,-999,-999,-999,-999,-999,-999,-999,-999,-999,-999,-999,-999,-999
-999,-999,-999,-999,-999,-999,-999,-999,-999,-999,-999,-999,-999,-999,-999,-999,-999,-999,-999,-999,-999
-999,-999,-999,-999,-999,-999,-999,-999,-999,-999,-999,-999,-999,-999,-999,-999,-999,-999,-999,-999,-999
-999,-999,-999,-999,-999,-999,-999,-999,-999,-999,-999,-999,-999,-999,-999,-999,-999,-999,-999,-999,-999
-999,-999,-999,-999,-999,-999,-999,-999,-999,-999,-999,-999,-999,-999,-999,-999,-999,-999,-999,-999,-999
-999,-999,-999,-999,-999,-999,-999,-999,-999,-999,-999,-999,-999,-999,-999,-999,-999,-999,-999,-999,-999
-999,-999,-999,-999,-999,-999,-999,-999,-999,-999,-999,-999,-999,-999,-999,-999,-999,-999,-999,-999,-999
-999,-999,-999,-999,-999,-999,-999,-999,-999,-999,-999,-999,-999,-999,-999,-999,-999,-999,-999,-999,-999
-999,-999,-999,-999,-999,-999,-999,-999,-999,-999,-999,-999,-999,-999,-999,-999,-999,-999,-999,-999,-999
-999,-999,-999,-999,-999,-999,-999,-999,-999,-999,-999,-999,-999,-999,-999,-999,-999,-999,-999,-999,-999
-999,-999,-999,-999,-999,-999,-999,-999,-999,-999,-999,-999,-999,-999,-999,-999,-999,-999,-999,-999,-999
-999,-999,-999,-999,-999,-999,-999,-999,-999,-999,-999,-999,-999,-999,-999,-999,-999,-999,-999,-999,-999
-999,-999,-999,-999,-999,-999,-999,-999,-999,-999,-999,-999,-999,-999,-999,-999,-999,-999,-999,-999,-999
-999,-999,-999,-999,-999,-999,-999,-999,-999,-999,-999,-999,-999,-999,-999,-999,-999,-999,-999,-999,-999
-999,-999,-999,-999,-999,-999,-999,-999,-999,-999,-999,-999,-999,-999,-999,-999,-999,-999,-999,-999,-999
-999,-999,-999,-999,-999,-999,-999,-999,-999,-999,-999,-999,-999,-999,-999,-999,-999,-999,-999,-999,-999
-999,-999,-999,-999,-999,-999,-999,-999,-999,-999,-999,-999,-999,-999,-999,-999,-999,-999,-999,-999,-999
-999,-999,-999,-999,-999,-999,-999,-999,-999,-999,-999,-999,-999,-999,-999,-999,-999,-999,-999,-999,-999
-999,-999,-999,-999,-999,-999,-999,-999,-999,-999,-999,-999,-999,-999,-999,-999,-999,-999,-999,-999,-999
-999,-999,-999,-999,-999,-999,-999,-999,-999,-999,-999,-999,-999,-999,-999,-999,-999,-999,-999,-999,-999
-999,-999,-999,-999,-999,-999,-999,-999,-999,-999,-999,-999,-999,-999,-999,-999,-999,-999,-999,-999,-999
-999,-999,-999,-999,-999,-999,-999,-999,-999,-999,-999,-999,-999,-999,-999,-999,-999,-999,-999,-999,-999
-999,-999,-999,-999,-999,-999,-999,-999,-999,-999,-999,-999,-999,-999,-999,-999,-999,-999,-999,-999,-999
-999,-999,-999,-999,-999,-999,-999,-999,-999,-999,-999,-999,-999,-999,-999,-999,-999,-999,-999,-999,-999
-999,-999,-999,-999,-999,-999,-999,-999,-999,-999,-999,-999,-999,-999,-999,-999,-999,-999,-999,-999,-999
-999,-999,-999,-999,-999,-999,-999,-999,-999,-999,-999,-999,-999,-999,-999,-999,-999,-999,-999,-999,-999
-999,-999,-999,-999,-999,-999,-999,-999,-999,-999,-999,-999,-999,-999,-999,-999,-999,-999,-999,-999,-999
-999,-999,-999,-999,-999,-999,-999,-999,-999,-999,-999,-999,-999,-999,-999,-999,-999,-999,-999,-999,-999
-999,-999,-999,-999,-999,-999,-999,-999,-999,-999,-999,-999,-999,-999,-999,-999,-999,-999,-999,-999,-999
-999,-999,-999,-999,-999,-999,-999,-999,-999,-999,-999,-999,-999,-999,-999,-999,-999,-999,-999,-999,-999
-999,-999,-999,-999,-999,-999,-999,-999,-999,-999,-999,-999,-999,-999,-999,-999,-999,-999,-999,-999,-999
-999,-999,-999,-999,-999,-999,-999,-999,-999,-999,-999,-999,-999,-999,-999,-999,-999,-999,-999,-999,-999
-999,-999,-999,-999,-999,-999,-999,-999,-999,-999,-999,-999,-999,-999,-999,-999,-999,-999,-999,-999,-999
-999,-999,-999,-999,-999,-999,-999,-999,-999,-999,-999,-999,-999,-999,-999,-999,-999,-999,-999,-999,-999
-999,-999,-999,-999,-999,-999,-999,-999,-999,-999,-999,-999,-999,-999,-999,-999,-999,-999,-999,-999,-999
-999,-999,-999,-999,-999,-999,-999,-999,-999,-999,-999,-999,-999,-999,-999,-999,-999,-999,-999,-999,-999
-999,-999,-999,-999,-999,-999,-999,-999,-999,-999,-999,-999,-999,-999,-999,-999,-999,-999,-999,-999,-999
-999,-999,-999,-999,-999,-999,-999,-999,-999,-999,-999,-999,-999,-999,-999,-999,-999,-999,-999,-999,-999
-999,-999,-999,-999,-999,-999,-999,-999,-999,-999,-999,-999,-999,-999,-999,-999,-999,-999,-999,-999,-999
-999,-999,-999,-999,-999,-999,-999,-999,-999,-999,-999,-999,-999,-999,-999,-999,-999,-999,-999,-999,-999
-999,-999,-999,-999,-999,-999,-999,-999,-999,-999,-999,-999,-999,-999,-999,-999,-999,-999,-999,-999,-999
-999,-999,-999,-999,-999,-999,-999,-999,-999,-999,-999,-999,-999,-999,-999,-999,-999,-999,-999,-999,-999
-999,-999,-999,-999,-999,-999,-999,-999,-999,-999,-999,-999,-999,-999,-999,-999,-999,-999,-999,-999,-999
-999,-999,-999,-999,-999,-999,-999,-999,-999,-999,-999,-999,-999,-999,-999,-999,-999,-999,-999,-999,-999
-999,-999,-999,-999,-999,-999,-999,-999,-999,-999,-999,-999,-999,-999,-999,-999,-999,-999,-999,-999,-999
-999,-999,-999,-999,-999,-999,-999,-999,-999,-999,-999,-999,-999,-999,-999,-999,-999,-999,-999,-999,-999
-999,-999,-999,-999,-999,-999,-999,-999,-999,-999,-999,-999,-999,-999,-999,-999,-999,-999,-999,-999,-999
-999,-999,-999,-999,-999,-999,-999,-999,-999,-999,-999,-999,-999,-999,-999,-999,-999,-999,-999,-999,-999
-999,-999,-999,-999,-999,-999,-999,-999,-999,-999,-999,-999,-999,-999,-999,-999,-999,-999,-999,-999,-999
-999,-999,-999,-999,-999,-999,-999,-999,-999,-999,-999,-999,-999,-999,-999,-999,-999,-999,-999,-999,-999
-999,-999,-999,-999,-999,-999,-999,-999,-999,-999,-999,-999,-999,-999,-999,-999,-999,-999,-999,-999,-999
-999,-999,-999,-999,-999,-999,-999,-999,-999,-999,-999,-999,-999,-999,-999,-999,-999,-999,-999,-999,-999
-999,-999,-999,-999,-999,-999,-999,-999,-999,-999,-999,-999,-999,-999,-999,-999,-999,-999,-999,-999,-999
-999,-999,-999,-999,-999,-999,-999,-999,-999,-999,-999,-999,-999,-999,-999,-999,-999,-999,-999,-999,-999
-999,-999,-999,-999,-999,-999,-999,-999,-999,-999,-999,-999,-999,-999,-999,-999,-999,-999,-999,-999,-999
-999,-999,-999,-999,-999,-999,-999,-999,-999,-999,-999,-999,-999,-999,-999,-999,-999,-999,-999,-999,-999
-999,-999,-999,-999,-999,-999,-999,-999,-999,-999,-999,-999,-999,-999,-999,-999,-999,-999,-999,-999,-999
-999,-999,-999,-999,-999,-999,-999,-999,-999,-999,-999,-999,-999,-999,-999,-999,-999,-999,-999,-999,-999
-999,-999,-999,-999,-999,-999,-999,-999,-999,-999,-999,-999,-999,-999,-999,-999,-999,-999,-999,-999,-999
-999,-999,-999,-999,-999,-999,-999,-999,-999,-999,-999,-999,-999,-999,-999,-999,-999,-999,-999,-999,-999
-999,-999,-999,-999,-999,-999,-999,-999,-999,-999,-999,-999,-999,-999,-999,-999,-999,-999,-999,-999,-999
-999,-999,-999,-999,-999,-999,-999,-999,-999,-999,-999,-999,-999,-999,-999,-999,-999,-999,-999,-999,-999
19950712,0600,-999,TD,17.5N,56.5W,25,1012,-999,-999,-999,-999,-999,-999,-999,-999,-999,-999,-999,-999,-999
19950712,1200,-999,TD,18.1N,58.3W,25,1012,-999,-999,-999,-999,-999,-999,-999,-999,-999,-999,-999,-999,-999
19950712,1800,-999,TD,18.7N,59.9W,30,1011,-999,-999,-999,-999,-999,-999,-999,-999,-999,-999,-999,-999,-999
19950713,0000,-999,TD,19.2N,61.0W,30,1011,-999,-999,-999,-999,-999,-999,-999,-999,-999,-999,-999,-999,-999
19950713,0600,-999,TD,19.6N,61.9W,30,1011,-999,-999,-999,-999,-999,-999,-999,-999,-999,-999,-999,-999,-999
19950713,1200,-999,TD,20.1N,62.7W,30,1010,-999,-999,-999,-999,-999,-999,-999,-999,-999,-999,-999,-999,-999
19950713,1800,-999,TD,20.6N,63.6W,30,1010,-999,-999,-999,-999,-999,-999,-999,-999,-999,-999,-999,-999,-999
19950714,0000,-999,TS,21.1N,64.4W,35,1006,-999,-999,-999,-999,-999,-999,-999,-999,-999,-999,-999,-999,-999
19950714,0600,-999,TS,21.1N,64.9W,35,1008,-999,-999,-999,-999,-999,-999,-999,-999,-999,-999,-999,-999,-999
19950714,1200,-999,TS,21.1N,65.2W,35,1009,-999,-999,-999,-999,-999,-999,-999,-999,-999,-999,-999,-999,-999
19950714,1800,-999,TS,21.3N,65.5W,40,1010,-999,-999,-999,-999,-999,-999,-999,-999,-999,-999,-999,-999,-999
19950715,0000,-999,TS,21.8N,66.0W,40,1009,-999,-999,-999,-999,-999,-999,-999,-999,-999,-999,-999,-999,-999
19950715,0600,-999,TS,22.3N,66.7W,45,1006,-999,-999,-999,-999,-999,-999,-999,-999,-999,-999,-999,-999,-999
19950715,1200,-999,TS,22.7N,67.5W,45,1006,-999,-999,-999,-999,-999,-999,-999,-999,-999,-999,-999,-999,-999
19950715,1800,-999,TS,23.2N,67.9W,45,1005,-999,-999,-999,-999,-999,-999,-999,-999,-999,-999,-999,-999,-999
19950716,0000,-999,TS,23.7N,68.2W,45,1004,-999,-999,-999,-999,-999,-999,-999,-999,-999,-999,-999,-999,-999
19950716,0600,-999,TS,24.5N,68.4W,50,999,-999,-999,-999,-999,-999,-999,-999,-999,-999,-999,-999,-999,-999
19950716,1200,-999,TS,25.3N,68.8W,50,999,-999,-999,-999,-999,-999,-999,-999,-999,-999,-999,-999,-999,-999
19950716,1800,-999,TS,26.2N,69.1W,55,997,-999,-999,-999,-999,-999,-999,-999,-999,-999,-999,-999,-999,-999
19950717,0000,-999,TS,27.2N,69.4W,60,991,-999,-999,-999,-999,-999,-999,-999,-999,-999,-999,-999,-999,-999
19950717,0600,-999,TS,28.2N,69.6W,60,995,-999,-999,-999,-999,-999,-999,-999,-999,-999,-999,-999,-999,-999
19950717,1200,-999,TS,29.3N,69.8W,60,997,-999,-999,-999,-999,-999,-999,-999,-999,-999,-999,-999,-999,-999
19950717,1800,-999,TS,30.5N,69.8W,55,995,-999,-999,-999,-999,-999,-999,-999,-999,-999,-999,-999,-999,-999
19950718,0000,-999,TS,31.6N,69.7W,55,994,-999,-999,-999,-999,-999,-999,-999,-999,-999,-999,-999,-999,-999
19950718,0600,-999,TS,32.6N,69.0W,55,994,-999,-999,-999,-999,-999,-999,-999,-999,-999,-999,-999,-999,-999
19950718,1200,-999,TS,33.6N,68.1W,50,995,-999,-999,-999,-999,-999,-999,-999,-999,-999,-999,-999,-999,-999
19950718,1800,-999,TS,34.6N,67.3W,50,996,-999,-999,-999,-999,-999,-999,-999,-999,-999,-999,-999,-999,-999
19950719,0000,-999,TS,35.4N,65.8W,50,997,-999,-999,-999,-999,-999,-999,-999,-999,-999,-999,-999,-999,-999
19950719,0600,-999,TS,36.2N,64.1W,50,997,-999,-999,-999,-999,-999,-999,-999,-999,-999,-999,-999,-999,-999
19950719,1200,-999,TS,37.1N,62.4W,50,998,-999,-999,-999,-999,-999,-999,-999,-999,-999,-999,-999,-999,-999
19950719,1800,-999,TS,38.2N,60.2W,50,998,-999,-999,-999,-999,-999,-999,-999,-999,-999,-999,-999,-999,-999
19950720,0000,-999,TS,39.5N,57.6W,50,999,-999,-999,-999,-999,-999,-999,-999,-999,-999,-999,-999,-999,-999
19950720,0600,-999,TS,41.1N,54.7W,50,999,-999,-999,-999,-999,-999,-999,-999,-999,-999,-999,-999,-999,-999
19950720,1200,-999,TS,43.0N,51.7W,50,1000,-999,-999,-999,-999,-999,-999,-999,-999,-999,-999,-999,-999,-999
19950720,1800,-999,EX,45.4N,48.8W,50,1000,-999,-999,-999,-999,-999,-999,-999,-999,-999,-999,-999,-999,-999
19950721,0000,-999,EX,47.7N,45.2W,50,1001,-999,-999,-999,-999,-999,-999,-999,-999,-999,-999,-999,-999,-999
19950721,0600,-999,EX,49.7N,41.6W,50,1002,-999,-999,-999,-999,-999,-999,-999,-999,-999,-999,-999,-999,-999
19950721,1200,-999,EX,51.4N,37.0W,50,1003,-999,-999,-999,-999,-999,-999,-999,-999,-999,-999,-999,-999,-999
19950721,1800,-999,EX,53.0N,31.0W,50,1005,-999,-999,-999,-999,-999,-999,-999,-999,-999,-999,-999,-999,-999
19950722,0000,-999,EX,55.0N,20.0W,50,1005,-999,-999,-999,-999,-999,-999,-999,-999,-999,-999,-999,-999,-999
-999,-999,-999,-999,-999,-999,-999,-999,-999,-999,-999,-999,-999,-999,-999,-999,-999,-999,-999,-999,-999
-999,-999,-999,-999,-999,-999,-999,-999,-999,-999,-999,-999,-999,-999,-999,-999,-999,-999,-999,-999,-999
-999,-999,-999,-999,-999,-999,-999,-999,-999,-999,-999,-999,-999,-999,-999,-999,-999,-999,-999,-999,-999
-999,-999,-999,-999,-999,-999,-999,-999,-999,-999,-999,-999,-999,-999,-999,-999,-999,-999,-999,-999,-999
-999,-999,-999,-999,-999,-999,-999,-999,-999,-999,-999,-999,-999,-999,-999,-999,-999,-999,-999,-999,-999
-999,-999,-999,-999,-999,-999,-999,-999,-999,-999,-999,-999,-999,-999,-999,-999,-999,-999,-999,-999,-999
-999,-999,-999,-999,-999,-999,-999,-999,-999,-999,-999,-999,-999,-999,-999,-999,-999,-999,-999,-999,-999
-999,-999,-999,-999,-999,-999,-999,-999,-999,-999,-999,-999,-999,-999,-999,-999,-999,-999,-999,-999,-999
-999,-999,-999,-999,-999,-999,-999,-999,-999,-999,-999,-999,-999,-999,-999,-999,-999,-999,-999,-999,-999
-999,-999,-999,-999,-999,-999,-999,-999,-999,-999,-999,-999,-999,-999,-999,-999,-999,-999,-999,-999,-999
-999,-999,-999,-999,-999,-999,-999,-999,-999,-999,-999,-999,-999,-999,-999,-999,-999,-999,-999,-999,-999
-999,-999,-999,-999,-999,-999,-999,-999,-999,-999,-999,-999,-999,-999,-999,-999,-999,-999,-999,-999,-999
-999,-999,-999,-999,-999,-999,-999,-999,-999,-999,-999,-999,-999,-999,-999,-999,-999,-999,-999,-999,-999
-999,-999,-999,-999,-999,-999,-999,-999,-999,-999,-999,-999,-999,-999,-999,-999,-999,-999,-999,-999,-999
-999,-999,-999,-999,-999,-999,-999,-999,-999,-999,-999,-999,-999,-999,-999,-999,-999,-999,-999,-999,-999
-999,-999,-999,-999,-999,-999,-999,-999,-999,-999,-999,-999,-999,-999,-999,-999,-999,-999,-999,-999,-999
-999,-999,-999,-999,-999,-999,-999,-999,-999,-999,-999,-999,-999,-999,-999,-999,-999,-999,-999,-999,-999
-999,-999,-999,-999,-999,-999,-999,-999,-999,-999,-999,-999,-999,-999,-999,-999,-999,-999,-999,-999,-999
-999,-999,-999,-999,-999,-999,-999,-999,-999,-999,-999,-999,-999,-999,-999,-999,-999,-999,-999,-999,-999
-999,-999,-999,-999,-999,-999,-999,-999,-999,-999,-999,-999,-999,-999,-999,-999,-999,-999,-999,-999,-999
-999,-999,-999,-999,-999,-999,-999,-999,-999,-999,-999,-999,-999,-999,-999,-999,-999,-999,-999,-999,-999
-999,-999,-999,-999,-999,-999,-999,-999,-999,-999,-999,-999,-999,-999,-999,-999,-999,-999,-999,-999,-999
-999,-999,-999,-999,-999,-999,-999,-999,-999,-999,-999,-999,-999,-999,-999,-999,-999,-999,-999,-999,-999
-999,-999,-999,-999,-999,-999,-999,-999,-999,-999,-999,-999,-999,-999,-999,-999,-999,-999,-999,-999,-999
-999,-999,-999,-999,-999,-999,-999,-999,-999,-999,-999,-999,-999,-999,-999,-999,-999,-999,-999,-999,-999
-999,-999,-999,-999,-999,-999,-999,-999,-999,-999,-999,-999,-999,-999,-999,-999,-999,-999,-999,-999,-999
-999,-999,-999,-999,-999,-999,-999,-999,-999,-999,-999,-999,-999,-999,-999,-999,-999,-999,-999,-999,-999
-999,-999,-999,-999,-999,-999,-999,-999,-999,-999,-999,-999,-999,-999,-999,-999,-999,-999,-999,-999,-999
-999,-999,-999,-999,-999,-999,-999,-999,-999,-999,-999,-999,-999,-999,-999,-999,-999,-999,-999,-999,-999
-999,-999,-999,-999,-999,-999,-999,-999,-999,-999,-999,-999,-999,-999,-999,-999,-999,-999,-999,-999,-999
-999,-999,-999,-999,-999,-999,-999,-999,-999,-999,-999,-999,-999,-999,-999,-999,-999,-999,-999,-999,-999
-999,-999,-999,-999,-999,-999,-999,-999,-999,-999,-999,-999,-999,-999,-999,-999,-999,-999,-999,-999,-999
-999,-999,-999,-999,-999,-999,-999,-999,-999,-999,-999,-999,-999,-999,-999,-999,-999,-999,-999,-999,-999
-999,-999,-999,-999,-999,-999,-999,-999,-999,-999,-999,-999,-999,-999,-999,-999,-999,-999,-999,-999,-999
-999,-999,-999,-999,-999,-999,-999,-999,-999,-999,-999,-999,-999,-999,-999,-999,-999,-999,-999,-999,-999
-999,-999,-999,-999,-999,-999,-999,-999,-999,-999,-999,-999,-999,-999,-999,-999,-999,-999,-999,-999,-999
-999,-999,-999,-999,-999,-999,-999,-999,-999,-999,-999,-999,-999,-999,-999,-999,-999,-999,-999,-999,-999
-999,-999,-999,-999,-999,-999,-999,-999,-999,-999,-999,-999,-999,-999,-999,-999,-999,-999,-999,-999,-999
-999,-999,-999,-999,-999,-999,-999,-999,-999,-999,-999,-999,-999,-999,-999,-999,-999,-999,-999,-999,-999
-999,-999,-999,-999,-999,-999,-999,-999,-999,-999,-999,-999,-999,-999,-999,-999,-999,-999,-999,-999,-999
-999,-999,-999,-999,-999,-999,-999,-999,-999,-999,-999,-999,-999,-999,-999,-999,-999,-999,-999,-999,-999
-999,-999,-999,-999,-999,-999,-999,-999,-999,-999,-999,-999,-999,-999,-999,-999,-999,-999,-999,-999,-999
-999,-999,-999,-999,-999,-999,-999,-999,-999,-999,-999,-999,-999,-999,-999,-999,-999,-999,-999,-999,-999
-999,-999,-999,-999,-999,-999,-999,-999,-999,-999,-999,-999,-999,-999,-999,-999,-999,-999,-999,-999,-999
-999,-999,-999,-999,-999,-999,-999,-999,-999,-999,-999,-999,-999,-999,-999,-999,-999,-999,-999,-999,-999
-999,-999,-999,-999,-999,-999,-999,-999,-999,-999,-999,-999,-999,-999,-999,-999,-999,-999,-999,-999,-999
-999,-999,-999,-999,-999,-999,-999,-999,-999,-999,-999,-999,-999,-999,-999,-999,-999,-999,-999,-999,-999
-999,-999,-999,-999,-999,-999,-999,-999,-999,-999,-999,-999,-999,-999,-999,-999,-999,-999,-999,-999,-999
-999,-999,-999,-999,-999,-999,-999,-999,-999,-999,-999,-999,-999,-999,-999,-999,-999,-999,-999,-999,-999
-999,-999,-999,-999,-999,-999,-999,-999,-999,-999,-999,-999,-999,-999,-999,-999,-999,-999,-999,-999,-999
-999,-999,-999,-999,-999,-999,-999,-999,-999,-999,-999,-999,-999,-999,-999,-999,-999,-999,-999,-999,-999
-999,-999,-999,-999,-999,-999,-999,-999,-999,-999,-999,-999,-999,-999,-999,-999,-999,-999,-999,-999,-999
-999,-999,-999,-999,-999,-999,-999,-999,-999,-999,-999,-999,-999,-999,-999,-999,-999,-999,-999,-999,-999
-999,-999,-999,-999,-999,-999,-999,-999,-999,-999,-999,-999,-999,-999,-999,-999,-999,-999,-999,-999,-999
-999,-999,-999,-999,-999,-999,-999,-999,-999,-999,-999,-999,-999,-999,-999,-999,-999,-999,-999,-999,-999
-999,-999,-999,-999,-999,-999,-999,-999,-999,-999,-999,-999,-999,-999,-999,-999,-999,-999,-999,-999,-999
-999,-999,-999,-999,-999,-999,-999,-999,-999,-999,-999,-999,-999,-999,-999,-999,-999,-999,-999,-999,-999
-999,-999,-999,-999,-999,-999,-999,-999,-999,-999,-999,-999,-999,-999,-999,-999,-999,-999,-999,-999,-999
-999,-999,-999,-999,-999,-999,-999,-999,-999,-999,-999,-999,-999,-999,-999,-999,-999,-999,-999,-999,-999
-999,-999,-999,-999,-999,-999,-999,-999,-999,-999,-999,-999,-999,-999,-999,-999,-999,-999,-999,-999,-999
-999,-999,-999,-999,-999,-999,-999,-999,-999,-999,-999,-999,-999,-999,-999,-999,-999,-999,-999,-999,-999
-999,-999,-999,-999,-999,-999,-999,-999,-999,-999,-999,-999,-999,-999,-999,-999,-999,-999,-999,-999,-999
-999,-999,-999,-999,-999,-999,-999,-999,-999,-999,-999,-999,-999,-999,-999,-999,-999,-999,-999,-999,-999
-999,-999,-999,-999,-999,-999,-999,-999,-999,-999,-999,-999,-999,-999,-999,-999,-999,-999,-999,-999,-999
-999,-999,-999,-999,-999,-999,-999,-999,-999,-999,-999,-999,-999,-999,-999,-999,-999,-999,-999,-999,-999
-999,-999,-999,-999,-999,-999,-999,-999,-999,-999,-999,-999,-999,-999,-999,-999,-999,-999,-999,-999,-999
-999,-999,-999,-999,-999,-999,-999,-999,-999,-999,-999,-999,-999,-999,-999,-999,-999,-999,-999,-999,-999
-999,-999,-999,-999,-999,-999,-999,-999,-999,-999,-999,-999,-999,-999,-999,-999,-999,-999,-999,-999,-999
-999,-999,-999,-999,-999,-999,-999,-999,-999,-999,-999,-999,-999,-999,-999,-999,-999,-999,-999,-999,-999
-999,-999,-999,-999,-999,-999,-999,-999,-999,-999,-999,-999,-999,-999,-999,-999,-999,-999,-999,-999,-999
-999,-999,-999,-999,-999,-999,-999,-999,-999,-999,-999,-999,-999,-999,-999,-999,-999,-999,-999,-999,-999
-999,-999,-999,-999,-999,-999,-999,-999,-999,-999,-999,-999,-999,-999,-999,-999,-999,-999,-999,-999,-999
-999,-999,-999,-999,-999,-999,-999,-999,-999,-999,-999,-999,-999,-999,-999,-999,-999,-999,-999,-999,-999
-999,-999,-999,-999,-999,-999,-999,-999,-999,-999,-999,-999,-999,-999,-999,-999,-999,-999,-999,-999,-999
-999,-999,-999,-999,-999,-999,-999,-999,-999,-999,-999,-999,-999,-999,-999,-999,-999,-999,-999,-999,-999
-999,-999,-999,-999,-999,-999,-999,-999,-999,-999,-999,-999,-999,-999,-999,-999,-999,-999,-999,-999,-999
-999,-999,-999,-999,-999,-999,-999,-999,-999,-999,-999,-999,-999,-999,-999,-999,-999,-999,-999,-999,-999
-999,-999,-999,-999,-999,-999,-999,-999,-999,-999,-999,-999,-999,-999,-999,-999,-999,-999,-999,-999,-999
-999,-999,-999,-999,-999,-999,-999,-999,-999,-999,-999,-999,-999,-999,-999,-999,-999,-999,-999,-999,-999
-999,-999,-999,-999,-999,-999,-999,-999,-999,-999,-999,-999,-999,-999,-999,-999,-999,-999,-999,-999,-999
-999,-999,-999,-999,-999,-999,-999,-999,-999,-999,-999,-999,-999,-999,-999,-999,-999,-999,-999,-999,-999
-999,-999,-999,-999,-999,-999,-999,-999,-999,-999,-999,-999,-999,-999,-999,-999,-999,-999,-999,-999,-999
-999,-999,-999,-999,-999,-999,-999,-999,-999,-999,-999,-999,-999,-999,-999,-999,-999,-999,-999,-999,-999
-999,-999,-999,-999,-999,-999,-999,-999,-999,-999,-999,-999,-999,-999,-999,-999,-999,-999,-999,-999,-999
-999,-999,-999,-999,-999,-999,-999,-999,-999,-999,-999,-999,-999,-999,-999,-999,-999,-999,-999,-999,-999
-999,-999,-999,-999,-999,-999,-999,-999,-999,-999,-999,-999,-999,-999,-999,-999,-999,-999,-999,-999,-999
-999,-999,-999,-999,-999,-999,-999,-999,-999,-999,-999,-999,-999,-999,-999,-999,-999,-999,-999,-999,-999
-999,-999,-999,-999,-999,-999,-999,-999,-999,-999,-999,-999,-999,-999,-999,-999,-999,-999,-999,-999,-999
-999,-999,-999,-999,-999,-999,-999,-999,-999,-999,-999,-999,-999,-999,-999,-999,-999,-999,-999,-999,-999
-999,-999,-999,-999,-999,-999,-999,-999,-999,-999,-999,-999,-999,-999,-999,-999,-999,-999,-999,-999,-999
-999,-999,-999,-999,-999,-999,-999,-999,-999,-999,-999,-999,-999,-999,-999,-999,-999,-999,-999,-999,-999
19950712,0600,-999,TD,17.5N,56.5W,25,1012,-999,-999,-999,-999,-999,-999,-999,-999,-999,-999,-999,-999,-999
19950712,1200,-999,TD,18.1N,58.3W,25,1012,-999,-999,-999,-999,-999,-999,-999,-999,-999,-999,-999,-999,-999
19950712,1800,-999,TD,18.7N,59.9W,30,1011,-999,-999,-999,-999,-999,-999,-999,-999,-999,-999,-999,-999,-999
19950713,0000,-999,TD,19.2N,61.0W,30,1011,-999,-999,-999,-999,-999,-999,-999,-999,-999,-999,-999,-999,-999
19950713,0600,-999,TD,19.6N,61.9W,30,1011,-999,-999,-999,-999,-999,-999,-999,-999,-999,-999,-999,-999,-999
19950713,1200,-999,TD,20.1N,62.7W,30,1010,-999,-999,-999,-999,-999,-999,-999,-999,-999,-999,-999,-999,-999
19950713,1800,-999,TD,20.6N,63.6W,30,1010,-999,-999,-999,-999,-999,-999,-999,-999,-999,-999,-999,-999,-999
19950714,0000,-999,TS,21.1N,64.4W,35,1006,-999,-999,-999,-999,-999,-999,-999,-999,-999,-999,-999,-999,-999
19950714,0600,-999,TS,21.1N,64.9W,35,1008,-999,-999,-999,-999,-999,-999,-999,-999,-999,-999,-999,-999,-999
19950714,1200,-999,TS,21.1N,65.2W,35,1009,-999,-999,-999,-999,-999,-999,-999,-999,-999,-999,-999,-999,-999
19950714,1800,-999,TS,21.3N,65.5W,40,1010,-999,-999,-999,-999,-999,-999,-999,-999,-999,-999,-999,-999,-999
19950715,0000,-999,TS,21.8N,66.0W,40,1009,-999,-999,-999,-999,-999,-999,-999,-999,-999,-999,-999,-999,-999
19950715,0600,-999,TS,22.3N,66.7W,45,1006,-999,-999,-999,-999,-999,-999,-999,-999,-999,-999,-999,-999,-999
19950715,1200,-999,TS,22.7N,67.5W,45,1006,-999,-999,-999,-999,-999,-999,-999,-999,-999,-999,-999,-999,-999
19950715,1800,-999,TS,23.2N,67.9W,45,1005,-999,-999,-999,-999,-999,-999,-999,-999,-999,-999,-999,-999,-999
19950716,0000,-999,TS,23.7N,68.2W,45,1004,-999,-999,-999,-999,-999,-999,-999,-999,-999,-999,-999,-999,-999
19950716,0600,-999,TS,24.5N,68.4W,50,999,-999,-999,-999,-999,-999,-999,-999,-999,-999,-999,-999,-999,-999
19950716,1200,-999,TS,25.3N,68.8W,50,999,-999,-999,-999,-999,-999,-999,-999,-999,-999,-999,-999,-999,-999
19950716,1800,-999,TS,26.2N,69.1W,55,997,-999,-999,-999,-999,-999,-999,-999,-999,-999,-999,-999,-999,-999
19950717,0000,-999,TS,27.2N,69.4W,60,991,-999,-999,-999,-999,-999,-999,-999,-999,-999,-999,-999,-999,-999
19950717,0600,-999,TS,28.2N,69.6W,60,995,-999,-999,-999,-999,-999,-999,-999,-999,-999,-999,-999,-999,-999
19950717,1200,-999,TS,29.3N,69.8W,60,997,-999,-999,-999,-999,-999,-999,-999,-999,-999,-999,-999,-999,-999
19950717,1800,-999,TS,30.5N,69.8W,55,995,-999,-999,-999,-999,-999,-999,-999,-999,-999,-999,-999,-999,-999
19950718,0000,-999,TS,31.6N,69.7W,55,994,-999,-999,-999,-999,-999,-999,-999,-999,-999,-999,-999,-999,-999
19950718,0600,-999,TS,32.6N,69.0W,55,994,-999,-999,-999,-999,-999,-999,-999,-999,-999,-999,-999,-999,-999
19950718,1200,-999,TS,33.6N,68.1W,50,995,-999,-999,-999,-999,-999,-999,-999,-999,-999,-999,-999,-999,-999
19950718,1800,-999,TS,34.6N,67.3W,50,996,-999,-999,-999,-999,-999,-999,-999,-999,-999,-999,-999,-999,-999
19950719,0000,-999,TS,35.4N,65.8W,50,997,-999,-999,-999,-999,-999,-999,-999,-999,-999,-999,-999,-999,-999
19950719,0600,-999,TS,36.2N,64.1W,50,997,-999,-999,-999,-999,-999,-999,-999,-999,-999,-999,-999,-999,-999
19950719,1200,-999,TS,37.1N,62.4W,50,998,-999,-999,-999,-999,-999,-999,-999,-999,-999,-999,-999,-999,-999
19950719,1800,-999,TS,38.2N,60.2W,50,998,-999,-999,-999,-999,-999,-999,-999,-999,-999,-999,-999,-999,-999
19950720,0000,-999,TS,39.5N,57.6W,50,999,-999,-999,-999,-999,-999,-999,-999,-999,-999,-999,-999,-999,-999
19950720,0600,-999,TS,41.1N,54.7W,50,999,-999,-999,-999,-999,-999,-999,-999,-999,-999,-999,-999,-999,-999
19950720,1200,-999,TS,43.0N,51.7W,50,1000,-999,-999,-999,-999,-999,-999,-999,-999,-999,-999,-999,-999,-999
19950720,1800,-999,EX,45.4N,48.8W,50,1000,-999,-999,-999,-999,-999,-999,-999,-999,-999,-999,-999,-999,-999
19950721,0000,-999,EX,47.7N,45.2W,50,1001,-999,-999,-999,-999,-999,-999,-999,-999,-999,-999,-999,-999,-999
19950721,0600,-999,EX,49.7N,41.6W,50,1002,-999,-999,-999,-999,-999,-999,-999,-999,-999,-999,-999,-999,-999
19950721,1200,-999,EX,51.4N,37.0W,50,1003,-999,-999,-999,-999,-999,-999,-999,-999,-999,-999,-999,-999,-999
19950721,1800,-999,EX,53.0N,31.0W,50,1005,-999,-999,-999,-999,-999,-999,-999,-999,-999,-999,-999,-999,-999
19950722,0000,-999,EX,55.0N,20.0W,50,1005,-999,-999,-999,-999,-999,-999,-999,-999,-999,-999,-999,-999,-999
-999,-999,-999,-999,-999,-999,-999,-999,-999,-999,-999,-999,-999,-999,-999,-999,-999,-999,-999,-999,-999
-999,-999,-999,-999,-999,-999,-999,-999,-999,-999,-999,-999,-999,-999,-999,-999,-999,-999,-999,-999,-999
-999,-999,-999,-999,-999,-999,-999,-999,-999,-999,-999,-999,-999,-999,-999,-999,-999,-999,-999,-999,-999
-999,-999,-999,-999,-999,-999,-999,-999,-999,-999,-999,-999,-999,-999,-999,-999,-999,-999,-999,-999,-999
-999,-999,-999,-999,-999,-999,-999,-999,-999,-999,-999,-999,-999,-999,-999,-999,-999,-999,-999,-999,-999
-999,-999,-999,-999,-999,-999,-999,-999,-999,-999,-999,-999,-999,-999,-999,-999,-999,-999,-999,-999,-999
-999,-999,-999,-999,-999,-999,-999,-999,-999,-999,-999,-999,-999,-999,-999,-999,-999,-999,-999,-999,-999
-999,-999,-999,-999,-999,-999,-999,-999,-999,-999,-999,-999,-999,-999,-999,-999,-999,-999,-999,-999,-999
-999,-999,-999,-999,-999,-999,-999,-999,-999,-999,-999,-999,-999,-999,-999,-999,-999,-999,-999,-999,-999
-999,-999,-999,-999,-999,-999,-999,-999,-999,-999,-999,-999,-999,-999,-999,-999,-999,-999,-999,-999,-999
-999,-999,-999,-999,-999,-999,-999,-999,-999,-999,-999,-999,-999,-999,-999,-999,-999,-999,-999,-999,-999
-999,-999,-999,-999,-999,-999,-999,-999,-999,-999,-999,-999,-999,-999,-999,-999,-999,-999,-999,-999,-999
-999,-999,-999,-999,-999,-999,-999,-999,-999,-999,-999,-999,-999,-999,-999,-999,-999,-999,-999,-999,-999
-999,-999,-999,-999,-999,-999,-999,-999,-999,-999,-999,-999,-999,-999,-999,-999,-999,-999,-999,-999,-999
-999,-999,-999,-999,-999,-999,-999,-999,-999,-999,-999,-999,-999,-999,-999,-999,-999,-999,-999,-999,-999
-999,-999,-999,-999,-999,-999,-999,-999,-999,-999,-999,-999,-999,-999,-999,-999,-999,-999,-999,-999,-999
-999,-999,-999,-999,-999,-999,-999,-999,-999,-999,-999,-999,-999,-999,-999,-999,-999,-999,-999,-999,-999
-999,-999,-999,-999,-999,-999,-999,-999,-999,-999,-999,-999,-999,-999,-999,-999,-999,-999,-999,-999,-999
-999,-999,-999,-999,-999,-999,-999,-999,-999,-999,-999,-999,-999,-999,-999,-999,-999,-999,-999,-999,-999
-999,-999,-999,-999,-999,-999,-999,-999,-999,-999,-999,-999,-999,-999,-999,-999,-999,-999,-999,-999,-999
-999,-999,-999,-999,-999,-999,-999,-999,-999,-999,-999,-999,-999,-999,-999,-999,-999,-999,-999,-999,-999
-999,-999,-999,-999,-999,-999,-999,-999,-999,-999,-999,-999,-999,-999,-999,-999,-999,-999,-999,-999,-999
-999,-999,-999,-999,-999,-999,-999,-999,-999,-999,-999,-999,-999,-999,-999,-999,-999,-999,-999,-999,-999
-999,-999,-999,-999,-999,-999,-999,-999,-999,-999,-999,-999,-999,-999,-999,-999,-999,-999,-999,-999,-999
-999,-999,-999,-999,-999,-999,-999,-999,-999,-999,-999,-999,-999,-999,-999,-999,-999,-999,-999,-999,-999
-999,-999,-999,-999,-999,-999,-999,-999,-999,-999,-999,-999,-999,-999,-999,-999,-999,-999,-999,-999,-999
-999,-999,-999,-999,-999,-999,-999,-999,-999,-999,-999,-999,-999,-999,-999,-999,-999,-999,-999,-999,-999
-999,-999,-999,-999,-999,-999,-999,-999,-999,-999,-999,-999,-999,-999,-999,-999,-999,-999,-999,-999,-999
-999,-999,-999,-999,-999,-999,-999,-999,-999,-999,-999,-999,-999,-999,-999,-999,-999,-999,-999,-999,-999
-999,-999,-999,-999,-999,-999,-999,-999,-999,-999,-999,-999,-999,-999,-999,-999,-999,-999,-999,-999,-999
-999,-999,-999,-999,-999,-999,-999,-999,-999,-999,-999,-999,-999,-999,-999,-999,-999,-999,-999,-999,-999
-999,-999,-999,-999,-999,-999,-999,-999,-999,-999,-999,-999,-999,-999,-999,-999,-999,-999,-999,-999,-999
-999,-999,-999,-999,-999,-999,-999,-999,-999,-999,-999,-999,-999,-999,-999,-999,-999,-999,-999,-999,-999
-999,-999,-999,-999,-999,-999,-999,-999,-999,-999,-999,-999,-999,-999,-999,-999,-999,-999,-999,-999,-999
-999,-999,-999,-999,-999,-999,-999,-999,-999,-999,-999,-999,-999,-999,-999,-999,-999,-999,-999,-999,-999
-999,-999,-999,-999,-999,-999,-999,-999,-999,-999,-999,-999,-999,-999,-999,-999,-999,-999,-999,-999,-999
-999,-999,-999,-999,-999,-999,-999,-999,-999,-999,-999,-999,-999,-999,-999,-999,-999,-999,-999,-999,-999
-999,-999,-999,-999,-999,-999,-999,-999,-999,-999,-999,-999,-999,-999,-999,-999,-999,-999,-999,-999,-999
-999,-999,-999,-999,-999,-999,-999,-999,-999,-999,-999,-999,-999,-999,-999,-999,-999,-999,-999,-999,-999
-999,-999,-999,-999,-999,-999,-999,-999,-999,-999,-999,-999,-999,-999,-999,-999,-999,-999,-999,-999,-999
-999,-999,-999,-999,-999,-999,-999,-999,-999,-999,-999,-999,-999,-999,-999,-999,-999,-999,-999,-999,-999
-999,-999,-999,-999,-999,-999,-999,-999,-999,-999,-999,-999,-999,-999,-999,-999,-999,-999,-999,-999,-999
-999,-999,-999,-999,-999,-999,-999,-999,-999,-999,-999,-999,-999,-999,-999,-999,-999,-999,-999,-999,-999
-999,-999,-999,-999,-999,-999,-999,-999,-999,-999,-999,-999,-999,-999,-999,-999,-999,-999,-999,-999,-999
-999,-999,-999,-999,-999,-999,-999,-999,-999,-999,-999,-999,-999,-999,-999,-999,-999,-999,-999,-999,-999
-999,-999,-999,-999,-999,-999,-999,-999,-999,-999,-999,-999,-999,-999,-999,-999,-999,-999,-999,-999,-999
-999,-999,-999,-999,-999,-999,-999,-999,-999,-999,-999,-999,-999,-999,-999,-999,-999,-999,-999,-999,-999
-999,-999,-999,-999,-999,-999,-999,-999,-999,-999,-999,-999,-999,-999,-999,-999,-999,-999,-999,-999,-999
-999,-999,-999,-999,-999,-999,-999,-999,-999,-999,-999,-999,-999,-999,-999,-999,-999,-999,-999,-999,-999
-999,-999,-999,-999,-999,-999,-999,-999,-999,-999,-999,-999,-999,-999,-999,-999,-999,-999,-999,-999,-999
-999,-999,-999,-999,-999,-999,-999,-999,-999,-999,-999,-999,-999,-999,-999,-999,-999,-999,-999,-999,-999
-999,-999,-999,-999,-999,-999,-999,-999,-999,-999,-999,-999,-999,-999,-999,-999,-999,-999,-999,-999,-999
-999,-999,-999,-999,-999,-999,-999,-999,-999,-999,-999,-999,-999,-999,-999,-999,-999,-999,-999,-999,-999
-999,-999,-999,-999,-999,-999,-999,-999,-999,-999,-999,-999,-999,-999,-999,-999,-999,-999,-999,-999,-999
-999,-999,-999,-999,-999,-999,-999,-999,-999,-999,-999,-999,-999,-999,-999,-999,-999,-999,-999,-999,-999
-999,-999,-999,-999,-999,-999,-999,-999,-999,-999,-999,-999,-999,-999,-999,-999,-999,-999,-999,-999,-999
-999,-999,-999,-999,-999,-999,-999,-999,-999,-999,-999,-999,-999,-999,-999,-999,-999,-999,-999,-999,-999
-999,-999,-999,-999,-999,-999,-999,-999,-999,-999,-999,-999,-999,-999,-999,-999,-999,-999,-999,-999,-999
-999,-999,-999,-999,-999,-999,-999,-999,-999,-999,-999,-999,-999,-999,-999,-999,-999,-999,-999,-999,-999
-999,-999,-999,-999,-999,-999,-999,-999,-999,-999,-999,-999,-999,-999,-999,-999,-999,-999,-999,-999,-999
-999,-999,-999,-999,-999,-999,-999,-999,-999,-999,-999,-999,-999,-999,-999,-999,-999,-999,-999,-999,-999
-999,-999,-999,-999,-999,-999,-999,-999,-999,-999,-999,-999,-999,-999,-999,-999,-999,-999,-999,-999,-999
-999,-999,-999,-999,-999,-999,-999,-999,-999,-999,-999,-999,-999,-999,-999,-999,-999,-999,-999,-999,-999
-999,-999,-999,-999,-999,-999,-999,-999,-999,-999,-999,-999,-999,-999,-999,-999,-999,-999,-999,-999,-999
-999,-999,-999,-999,-999,-999,-999,-999,-999,-999,-999,-999,-999,-999,-999,-999,-999,-999,-999,-999,-999
-999,-999,-999,-999,-999,-999,-999,-999,-999,-999,-999,-999,-999,-999,-999,-999,-999,-999,-999,-999,-999
-999,-999,-999,-999,-999,-999,-999,-999,-999,-999,-999,-999,-999,-999,-999,-999,-999,-999,-999,-999,-999
-999,-999,-999,-999,-999,-999,-999,-999,-999,-999,-999,-999,-999,-999,-999,-999,-999,-999,-999,-999,-999
-999,-999,-999,-999,-999,-999,-999,-999,-999,-999,-999,-999,-999,-999,-999,-999,-999,-999,-999,-999,-999
-999,-999,-999,-999,-999,-999,-999,-999,-999,-999,-999,-999,-999,-999,-999,-999,-999,-999,-999,-999,-999
-999,-999,-999,-999,-999,-999,-999,-999,-999,-999,-999,-999,-999,-999,-999,-999,-999,-999,-999,-999,-999
-999,-999,-999,-999,-999,-999,-999,-999,-999,-999,-999,-999,-999,-999,-999,-999,-999,-999,-999,-999,-999
-999,-999,-999,-999,-999,-999,-999,-999,-999,-999,-999,-999,-999,-999,-999,-999,-999,-999,-999,-999,-999
-999,-999,-999,-999,-999,-999,-999,-999,-999,-999,-999,-999,-999,-999,-999,-999,-999,-999,-999,-999,-999
-999,-999,-999,-999,-999,-999,-999,-999,-999,-999,-999,-999,-999,-999,-999,-999,-999,-999,-999,-999,-999
-999,-999,-999,-999,-999,-999,-999,-999,-999,-999,-999,-999,-999,-999,-999,-999,-999,-999,-999,-999,-999
-999,-999,-999,-999,-999,-999,-999,-999,-999,-999,-999,-999,-999,-999,-999,-999,-999,-999,-999,-999,-999
-999,-999,-999,-999,-999,-999,-999,-999,-999,-999,-999,-999,-999,-999,-999,-999,-999,-999,-999,-999,-999
-999,-999,-999,-999,-999,-999,-999,-999,-999,-999,-999,-999,-999,-999,-999,-999,-999,-999,-999,-999,-999
-999,-999,-999,-999,-999,-999,-999,-999,-999,-999,-999,-999,-999,-999,-999,-999,-999,-999,-999,-999,-999
-999,-999,-999,-999,-999,-999,-999,-999,-999,-999,-999,-999,-999,-999,-999,-999,-999,-999,-999,-999,-999
-999,-999,-999,-999,-999,-999,-999,-999,-999,-999,-999,-999,-999,-999,-999,-999,-999,-999,-999,-999,-999
-999,-999,-999,-999,-999,-999,-999,-999,-999,-999,-999,-999,-999,-999,-999,-999,-999,-999,-999,-999,-999
-999,-999,-999,-999,-999,-999,-999,-999,-999,-999,-999,-999,-999,-999,-999,-999,-999,-999,-999,-999,-999
-999,-999,-999,-999,-999,-999,-999,-999,-999,-999,-999,-999,-999,-999,-999,-999,-999,-999,-999,-999,-999
-999,-999,-999,-999,-999,-999,-999,-999,-999,-999,-999,-999,-999,-999,-999,-999,-999,-999,-999,-999,-999
-999,-999,-999,-999,-999,-999,-999,-999,-999,-999,-999,-999,-999,-999,-999,-999,-999,-999,-999,-999,-999
-999,-999,-999,-999,-999,-999,-999,-999,-999,-999,-999,-999,-999,-999,-999,-999,-999,-999,-999,-999,-999
-999,-999,-999,-999,-999,-999,-999,-999,-999,-999,-999,-999,-999,-999,-999,-999,-999,-999,-999,-999,-999
-999,-999,-999,-999,-999,-999,-999,-999,-999,-999,-999,-999,-999,-999,-999,-999,-999,-999,-999,-999,-999
-999,-999,-999,-999,-999,-999,-999,-999,-999,-999,-999,-999,-999,-999,-999,-999,-999,-999,-999,-999,-999
19950712,1200,-999,10,18.1N,58.3W,25,1012,-999,-999,-999,-999,-999,-999,-999,-999,-999,-999,-999,-999,-999
19950712,1800,-999,10,18.7N,59.9W,30,1011,-999,-999,-999,-999,-999,-999,-999,-999,-999,-999,-999,-999,-999
19950713,0000,-999,10,19.2N,61.0W,30,1011,-999,-999,-999,-999,-999,-999,-999,-999,-999,-999,-999,-999,-999
19950713,0600,-999,10,19.6N,61.9W,30,1011,-999,-999,-999,-999,-999,-999,-999,-999,-999,-999,-999,-999,-999
19950713,1200,-999,10,20.1N,62.7W,30,1010,-999,-999,-999,-999,-999,-999,-999,-999,-999,-999,-999,-999,-999
19950713,1800,-999,10,20.6N,63.6W,30,1010,-999,-999,-999,-999,-999,-999,-999,-999,-999,-999,-999,-999,-999
19950714,0000,-999,11,21.1N,64.4W,35,1006,-999,-999,-999,-999,-999,-999,-999,-999,-999,-999,-999,-999,-999
19950714,0600,-999,11,21.1N,64.9W,35,1008,-999,-999,-999,-999,-999,-999,-999,-999,-999,-999,-999,-999,-999
19950714,1200,-999,11,21.1N,65.2W,35,1009,-999,-999,-999,-999,-999,-999,-999,-999,-999,-999,-999,-999,-999
19950714,1800,-999,11,21.3N,65.5W,40,1010,-999,-999,-999,-999,-999,-999,-999,-999,-999,-999,-999,-999,-999
19950715,0000,-999,11,21.8N,66.0W,40,1009,-999,-999,-999,-999,-999,-999,-999,-999,-999,-999,-999,-999,-999
19950715,0600,-999,11,22.3N,66.7W,45,1006,-999,-999,-999,-999,-999,-999,-999,-999,-999,-999,-999,-999,-999
19950715,1200,-999,11,22.7N,67.5W,45,1006,-999,-999,-999,-999,-999,-999,-999,-999,-999,-999,-999,-999,-999
19950715,1800,-999,11,23.2N,67.9W,45,1005,-999,-999,-999,-999,-999,-999,-999,-999,-999,-999,-999,-999,-999
19950716,0000,-999,11,23.7N,68.2W,45,1004,-999,-999,-999,-999,-999,-999,-999,-999,-999,-999,-999,-999,-999
19950716,0600,-999,11,24.5N,68.4W,50,999,-999,-999,-999,-999,-999,-999,-999,-999,-999,-999,-999,-999,-999
19950716,1200,-999,11,25.3N,68.8W,50,999,-999,-999,-999,-999,-999,-999,-999,-999,-999,-999,-999,-999,-999
19950716,1800,-999,11,26.2N,69.1W,55,997,-999,-999,-999,-999,-999,-999,-999,-999,-999,-999,-999,-999,-999
19950717,0000,-999,11,27.2N,69.4W,60,991,-999,-999,-999,-999,-999,-999,-999,-999,-999,-999,-999,-999,-999
19950717,0600,-999,11,28.2N,69.6W,60,995,-999,-999,-999,-999,-999,-999,-999,-999,-999,-999,-999,-999,-999
19950717,1200,-999,11,29.3N,69.8W,60,997,-999,-999,-999,-999,-999,-999,-999,-999,-999,-999,-999,-999,-999
19950717,1800,-999,11,30.5N,69.8W,55,995,-999,-999,-999,-999,-999,-999,-999,-999,-999,-999,-999,-999,-999
19950718,0000,-999,11,31.6N,69.7W,55,994,-999,-999,-999,-999,-999,-999,-999,-999,-999,-999,-999,-999,-999
19950718,0600,-999,11,32.6N,69.0W,55,994,-999,-999,-999,-999,-999,-999,-999,-999,-999,-999,-999,-999,-999
19950718,1200,-999,11,33.6N,68.1W,50,995,-999,-999,-999,-999,-999,-999,-999,-999,-999,-999,-999,-999,-999
19950718,1800,-999,11,34.6N,67.3W,50,996,-999,-999,-999,-999,-999,-999,-999,-999,-999,-999,-999,-999,-999
19950719,0000,-999,11,35.4N,65.8W,50,997,-999,-999,-999,-999,-999,-999,-999,-999,-999,-999,-999,-999,-999
19950719,0600,-999,11,36.2N,64.1W,50,997,-999,-999,-999,-999,-999,-999,-999,-999,-999,-999,-999,-999,-999
19950719,1200,-999,11,37.1N,62.4W,50,998,-999,-999,-999,-999,-999,-999,-999,-999,-999,-999,-999,-999,-999
19950719,1800,-999,11,38.2N,60.2W,50,998,-999,-999,-999,-999,-999,-999,-999,-999,-999,-999,-999,-999,-999
19950720,0000,-999,11,39.5N,57.6W,50,999,-999,-999,-999,-999,-999,-999,-999,-999,-999,-999,-999,-999,-999
19950720,0600,-999,11,41.1N,54.7W,50,999,-999,-999,-999,-999,-999,-999,-999,-999,-999,-999,-999,-999,-999
19950720,1200,-999,11,43.0N,51.7W,50,1000,-999,-999,-999,-999,-999,-999,-999,-999,-999,-999,-999,-999,-999
19950720,1800,-999,13,45.4N,48.8W,50,1000,-999,-999,-999,-999,-999,-999,-999,-999,-999,-999,-999,-999,-999
19950721,0000,-999,13,47.7N,45.2W,50,1001,-999,-999,-999,-999,-999,-999,-999,-999,-999,-999,-999,-999,-999
19950721,0600,-999,13,49.7N,41.6W,50,1002,-999,-999,-999,-999,-999,-999,-999,-999,-999,-999,-999,-999,-999
19950721,1200,-999,13,51.4N,37.0W,50,1003,-999,-999,-999,-999,-999,-999,-999,-999,-999,-999,-999,-999,-999
19950721,1800,-999,13,53.0N,31.0W,50,1005,-999,-999,-999,-999,-999,-999,-999,-999,-999,-999,-999,-999,-999
19950722,0000,-999,13,55.0N,20.0W,50,1005,-999,-999,-999,-999,-999,-999,-999,-999,-999,-999,-999,-999,-999
-999,-999,-999,-999,-999,-999,-999,-999,-999,-999,-999,-999,-999,-999,-999,-999,-999,-999,-999,-999,-999
-999,-999,-999,-999,-999,-999,-999,-999,-999,-999,-999,-999,-999,-999,-999,-999,-999,-999,-999,-999,-999
-999,-999,-999,-999,-999,-999,-999,-999,-999,-999,-999,-999,-999,-999,-999,-999,-999,-999,-999,-999,-999
-999,-999,-999,-999,-999,-999,-999,-999,-999,-999,-999,-999,-999,-999,-999,-999,-999,-999,-999,-999,-999
-999,-999,-999,-999,-999,-999,-999,-999,-999,-999,-999,-999,-999,-999,-999,-999,-999,-999,-999,-999,-999
-999,-999,-999,-999,-999,-999,-999,-999,-999,-999,-999,-999,-999,-999,-999,-999,-999,-999,-999,-999,-999
-999,-999,-999,-999,-999,-999,-999,-999,-999,-999,-999,-999,-999,-999,-999,-999,-999,-999,-999,-999,-999
-999,-999,-999,-999,-999,-999,-999,-999,-999,-999,-999,-999,-999,-999,-999,-999,-999,-999,-999,-999,-999
-999,-999,-999,-999,-999,-999,-999,-999,-999,-999,-999,-999,-999,-999,-999,-999,-999,-999,-999,-999,-999
-999,-999,-999,-999,-999,-999,-999,-999,-999,-999,-999,-999,-999,-999,-999,-999,-999,-999,-999,-999,-999
-999,-999,-999,-999,-999,-999,-999,-999,-999,-999,-999,-999,-999,-999,-999,-999,-999,-999,-999,-999,-999
-999,-999,-999,-999,-999,-999,-999,-999,-999,-999,-999,-999,-999,-999,-999,-999,-999,-999,-999,-999,-999
-999,-999,-999,-999,-999,-999,-999,-999,-999,-999,-999,-999,-999,-999,-999,-999,-999,-999,-999,-999,-999
-999,-999,-999,-999,-999,-999,-999,-999,-999,-999,-999,-999,-999,-999,-999,-999,-999,-999,-999,-999,-999
-999,-999,-999,-999,-999,-999,-999,-999,-999,-999,-999,-999,-999,-999,-999,-999,-999,-999,-999,-999,-999
-999,-999,-999,-999,-999,-999,-999,-999,-999,-999,-999,-999,-999,-999,-999,-999,-999,-999,-999,-999,-999
-999,-999,-999,-999,-999,-999,-999,-999,-999,-999,-999,-999,-999,-999,-999,-999,-999,-999,-999,-999,-999
-999,-999,-999,-999,-999,-999,-999,-999,-999,-999,-999,-999,-999,-999,-999,-999,-999,-999,-999,-999,-999
-999,-999,-999,-999,-999,-999,-999,-999,-999,-999,-999,-999,-999,-999,-999,-999,-999,-999,-999,-999,-999
-999,-999,-999,-999,-999,-999,-999,-999,-999,-999,-999,-999,-999,-999,-999,-999,-999,-999,-999,-999,-999
-999,-999,-999,-999,-999,-999,-999,-999,-999,-999,-999,-999,-999,-999,-999,-999,-999,-999,-999,-999,-999
-999,-999,-999,-999,-999,-999,-999,-999,-999,-999,-999,-999,-999,-999,-999,-999,-999,-999,-999,-999,-999
-999,-999,-999,-999,-999,-999,-999,-999,-999,-999,-999,-999,-999,-999,-999,-999,-999,-999,-999,-999,-999
-999,-999,-999,-999,-999,-999,-999,-999,-999,-999,-999,-999,-999,-999,-999,-999,-999,-999,-999,-999,-999
-999,-999,-999,-999,-999,-999,-999,-999,-999,-999,-999,-999,-999,-999,-999,-999,-999,-999,-999,-999,-999
-999,-999,-999,-999,-999,-999,-999,-999,-999,-999,-999,-999,-999,-999,-999,-999,-999,-999,-999,-999,-999
-999,-999,-999,-999,-999,-999,-999,-999,-999,-999,-999,-999,-999,-999,-999,-999,-999,-999,-999,-999,-999
-999,-999,-999,-999,-999,-999,-999,-999,-999,-999,-999,-999,-999,-999,-999,-999,-999,-999,-999,-999,-999
-999,-999,-999,-999,-999,-999,-999,-999,-999,-999,-999,-999,-999,-999,-999,-999,-999,-999,-999,-999,-999
-999,-999,-999,-999,-999,-999,-999,-999,-999,-999,-999,-999,-999,-999,-999,-999,-999,-999,-999,-999,-999
-999,-999,-999,-999,-999,-999,-999,-999,-999,-999,-999,-999,-999,-999,-999,-999,-999,-999,-999,-999,-999
-999,-999,-999,-999,-999,-999,-999,-999,-999,-999,-999,-999,-999,-999,-999,-999,-999,-999,-999,-999,-999
-999,-999,-999,-999,-999,-999,-999,-999,-999,-999,-999,-999,-999,-999,-999,-999,-999,-999,-999,-999,-999
-999,-999,-999,-999,-999,-999,-999,-999,-999,-999,-999,-999,-999,-999,-999,-999,-999,-999,-999,-999,-999
-999,-999,-999,-999,-999,-999,-999,-999,-999,-999,-999,-999,-999,-999,-999,-999,-999,-999,-999,-999,-999
-999,-999,-999,-999,-999,-999,-999,-999,-999,-999,-999,-999,-999,-999,-999,-999,-999,-999,-999,-999,-999
-999,-999,-999,-999,-999,-999,-999,-999,-999,-999,-999,-999,-999,-999,-999,-999,-999,-999,-999,-999,-999
-999,-999,-999,-999,-999,-999,-999,-999,-999,-999,-999,-999,-999,-999,-999,-999,-999,-999,-999,-999,-999
-999,-999,-999,-999,-999,-999,-999,-999,-999,-999,-999,-999,-999,-999,-999,-999,-999,-999,-999,-999,-999
-999,-999,-999,-999,-999,-999,-999,-999,-999,-999,-999,-999,-999,-999,-999,-999,-999,-999,-999,-999,-999
-999,-999,-999,-999,-999,-999,-999,-999,-999,-999,-999,-999,-999,-999,-999,-999,-999,-999,-999,-999,-999
-999,-999,-999,-999,-999,-999,-999,-999,-999,-999,-999,-999,-999,-999,-999,-999,-999,-999,-999,-999,-999
-999,-999,-999,-999,-999,-999,-999,-999,-999,-999,-999,-999,-999,-999,-999,-999,-999,-999,-999,-999,-999
-999,-999,-999,-999,-999,-999,-999,-999,-999,-999,-999,-999,-999,-999,-999,-999,-999,-999,-999,-999,-999
-999,-999,-999,-999,-999,-999,-999,-999,-999,-999,-999,-999,-999,-999,-999,-999,-999,-999,-999,-999,-999
-999,-999,-999,-999,-999,-999,-999,-999,-999,-999,-999,-999,-999,-999,-999,-999,-999,-999,-999,-999,-999
-999,-999,-999,-999,-999,-999,-999,-999,-999,-999,-999,-999,-999,-999,-999,-999,-999,-999,-999,-999,-999
-999,-999,-999,-999,-999,-999,-999,-999,-999,-999,-999,-999,-999,-999,-999,-999,-999,-999,-999,-999,-999
-999,-999,-999,-999,-999,-999,-999,-999,-999,-999,-999,-999,-999,-999,-999,-999,-999,-999,-999,-999,-999
-999,-999,-999,-999,-999,-999,-999,-999,-999,-999,-999,-999,-999,-999,-999,-999,-999,-999,-999,-999,-999
-999,-999,-999,-999,-999,-999,-999,-999,-999,-999,-999,-999,-999,-999,-999,-999,-999,-999,-999,-999,-999
-999,-999,-999,-999,-999,-999,-999,-999,-999,-999,-999,-999,-999,-999,-999,-999,-999,-999,-999,-999,-999
-999,-999,-999,-999,-999,-999,-999,-999,-999,-999,-999,-999,-999,-999,-999,-999,-999,-999,-999,-999,-999
-999,-999,-999,-999,-999,-999,-999,-999,-999,-999,-999,-999,-999,-999,-999,-999,-999,-999,-999,-999,-999
-999,-999,-999,-999,-999,-999,-999,-999,-999,-999,-999,-999,-999,-999,-999,-999,-999,-999,-999,-999,-999
-999,-999,-999,-999,-999,-999,-999,-999,-999,-999,-999,-999,-999,-999,-999,-999,-999,-999,-999,-999,-999
-999,-999,-999,-999,-999,-999,-999,-999,-999,-999,-999,-999,-999,-999,-999,-999,-999,-999,-999,-999,-999
-999,-999,-999,-999,-999,-999,-999,-999,-999,-999,-999,-999,-999,-999,-999,-999,-999,-999,-999,-999,-999
-999,-999,-999,-999,-999,-999,-999,-999,-999,-999,-999,-999,-999,-999,-999,-999,-999,-999,-999,-999,-999
-999,-999,-999,-999,-999,-999,-999,-999,-999,-999,-999,-999,-999,-999,-999,-999,-999,-999,-999,-999,-999
-999,-999,-999,-999,-999,-999,-999,-999,-999,-999,-999,-999,-999,-999,-999,-999,-999,-999,-999,-999,-999
-999,-999,-999,-999,-999,-999,-999,-999,-999,-999,-999,-999,-999,-999,-999,-999,-999,-999,-999,-999,-999
-999,-999,-999,-999,-999,-999,-999,-999,-999,-999,-999,-999,-999,-999,-999,-999,-999,-999,-999,-999,-999
-999,-999,-999,-999,-999,-999,-999,-999,-999,-999,-999,-999,-999,-999,-999,-999,-999,-999,-999,-999,-999
-999,-999,-999,-999,-999,-999,-999,-999,-999,-999,-999,-999,-999,-999,-999,-999,-999,-999,-999,-999,-999
-999,-999,-999,-999,-999,-999,-999,-999,-999,-999,-999,-999,-999,-999,-999,-999,-999,-999,-999,-999,-999
-999,-999,-999,-999,-999,-999,-999,-999,-999,-999,-999,-999,-999,-999,-999,-999,-999,-999,-999,-999,-999
-999,-999,-999,-999,-999,-999,-999,-999,-999,-999,-999,-999,-999,-999,-999,-999,-999,-999,-999,-999,-999
-999,-999,-999,-999,-999,-999,-999,-999,-999,-999,-999,-999,-999,-999,-999,-999,-999,-999,-999,-999,-999
-999,-999,-999,-999,-999,-999,-999,-999,-999,-999,-999,-999,-999,-999,-999,-999,-999,-999,-999,-999,-999
-999,-999,-999,-999,-999,-999,-999,-999,-999,-999,-999,-999,-999,-999,-999,-999,-999,-999,-999,-999,-999
-999,-999,-999,-999,-999,-999,-999,-999,-999,-999,-999,-999,-999,-999,-999,-999,-999,-999,-999,-999,-999
-999,-999,-999,-999,-999,-999,-999,-999,-999,-999,-999,-999,-999,-999,-999,-999,-999,-999,-999,-999,-999
-999,-999,-999,-999,-999,-999,-999,-999,-999,-999,-999,-999,-999,-999,-999,-999,-999,-999,-999,-999,-999
-999,-999,-999,-999,-999,-999,-999,-999,-999,-999,-999,-999,-999,-999,-999,-999,-999,-999,-999,-999,-999
-999,-999,-999,-999,-999,-999,-999,-999,-999,-999,-999,-999,-999,-999,-999,-999,-999,-999,-999,-999,-999
-999,-999,-999,-999,-999,-999,-999,-999,-999,-999,-999,-999,-999,-999,-999,-999,-999,-999,-999,-999,-999
-999,-999,-999,-999,-999,-999,-999,-999,-999,-999,-999,-999,-999,-999,-999,-999,-999,-999,-999,-999,-999
-999,-999,-999,-999,-999,-999,-999,-999,-999,-999,-999,-999,-999,-999,-999,-999,-999,-999,-999,-999,-999
-999,-999,-999,-999,-999,-999,-999,-999,-999,-999,-999,-999,-999,-999,-999,-999,-999,-999,-999,-999,-999
-999,-999,-999,-999,-999,-999,-999,-999,-999,-999,-999,-999,-999,-999,-999,-999,-999,-999,-999,-999,-999
-999,-999,-999,-999,-999,-999,-999,-999,-999,-999,-999,-999,-999,-999,-999,-999,-999,-999,-999,-999,-999
-999,-999,-999,-999,-999,-999,-999,-999,-999,-999,-999,-999,-999,-999,-999,-999,-999,-999,-999,-999,-999
-999,-999,-999,-999,-999,-999,-999,-999,-999,-999,-999,-999,-999,-999,-999,-999,-999,-999,-999,-999,-999
-999,-999,-999,-999,-999,-999,-999,-999,-999,-999,-999,-999,-999,-999,-999,-999,-999,-999,-999,-999,-999
-999,-999,-999,-999,-999,-999,-999,-999,-999,-999,-999,-999,-999,-999,-999,-999,-999,-999,-999,-999,-999
-999,-999,-999,-999,-999,-999,-999,-999,-999,-999,-999,-999,-999,-999,-999,-999,-999,-999,-999,-999,-999
-999,-999,-999,-999,-999,-999,-999,-999,-999,-999,-999,-999,-999,-999,-999,-999,-999,-999,-999,-999,-999
-999,-999,-999,-999,-999,-999,-999,-999,-999,-999,-999,-999,-999,-999,-999,-999,-999,-999,-999,-999,-999
-999,-999,-999,-999,-999,-999,-999,-999,-999,-999,-999,-999,-999,-999,-999,-999,-999,-999,-999,-999,-999
-999,-999,-999,-999,-999,-999,-999,-999,-999,-999,-999,-999,-999,-999,-999,-999,-999,-999,-999,-999,-999
19950712,1200,-999,10,18.1N,58.3W,25,1012,-999,-999,-999,-999,-999,-999,-999,-999,-999,-999,-999,-999,-999
19950712,1800,-999,10,18.7N,59.9W,30,1011,-999,-999,-999,-999,-999,-999,-999,-999,-999,-999,-999,-999,-999
19950713,0000,-999,10,19.2N,61.0W,30,1011,-999,-999,-999,-999,-999,-999,-999,-999,-999,-999,-999,-999,-999
19950713,0600,-999,10,19.6N,61.9W,30,1011,-999,-999,-999,-999,-999,-999,-999,-999,-999,-999,-999,-999,-999
19950713,1200,-999,10,20.1N,62.7W,30,1010,-999,-999,-999,-999,-999,-999,-999,-999,-999,-999,-999,-999,-999
19950713,1800,-999,10,20.6N,63.6W,30,1010,-999,-999,-999,-999,-999,-999,-999,-999,-999,-999,-999,-999,-999
19950714,0000,-999,11,21.1N,64.4W,35,1006,-999,-999,-999,-999,-999,-999,-999,-999,-999,-999,-999,-999,-999
19950714,0600,-999,11,21.1N,64.9W,35,1008,-999,-999,-999,-999,-999,-999,-999,-999,-999,-999,-999,-999,-999
19950714,1200,-999,11,21.1N,65.2W,35,1009,-999,-999,-999,-999,-999,-999,-999,-999,-999,-999,-999,-999,-999
19950714,1800,-999,11,21.3N,65.5W,40,1010,-999,-999,-999,-999,-999,-999,-999,-999,-999,-999,-999,-999,-999
19950715,0000,-999,11,21.8N,66.0W,40,1009,-999,-999,-999,-999,-999,-999,-999,-999,-999,-999,-999,-999,-999
19950715,0600,-999,11,22.3N,66.7W,45,1006,-999,-999,-999,-999,-999,-999,-999,-999,-999,-999,-999,-999,-999
19950715,1200,-999,11,22.7N,67.5W,45,1006,-999,-999,-999,-999,-999,-999,-999,-999,-999,-999,-999,-999,-999
19950715,1800,-999,11,23.2N,67.9W,45,1005,-999,-999,-999,-999,-999,-999,-999,-999,-999,-999,-999,-999,-999
19950716,0000,-999,11,23.7N,68.2W,45,1004,-999,-999,-999,-999,-999,-999,-999,-999,-999,-999,-999,-999,-999
19950716,0600,-999,11,24.5N,68.4W,50,999,-999,-999,-999,-999,-999,-999,-999,-999,-999,-999,-999,-999,-999
19950716,1200,-999,11,25.3N,68.8W,50,999,-999,-999,-999,-999,-999,-999,-999,-999,-999,-999,-999,-999,-999
19950716,1800,-999,11,26.2N,69.1W,55,997,-999,-999,-999,-999,-999,-999,-999,-999,-999,-999,-999,-999,-999
19950717,0000,-999,11,27.2N,69.4W,60,991,-999,-999,-999,-999,-999,-999,-999,-999,-999,-999,-999,-999,-999
19950717,0600,-999,11,28.2N,69.6W,60,995,-999,-999,-999,-999,-999,-999,-999,-999,-999,-999,-999,-999,-999
19950717,1200,-999,11,29.3N,69.8W,60,997,-999,-999,-999,-999,-999,-999,-999,-999,-999,-999,-999,-999,-999
19950717,1800,-999,11,30.5N,69.8W,55,995,-999,-999,-999,-999,-999,-999,-999,-999,-999,-999,-999,-999,-999
19950718,0000,-999,11,31.6N,69.7W,55,994,-999,-999,-999,-999,-999,-999,-999,-999,-999,-999,-999,-999,-999
19950718,0600,-999,11,32.6N,69.0W,55,994,-999,-999,-999,-999,-999,-999,-999,-999,-999,-999,-999,-999,-999
19950718,1200,-999,11,33.6N,68.1W,50,995,-999,-999,-999,-999,-999,-999,-999,-999,-999,-999,-999,-999,-999
19950718,1800,-999,11,34.6N,67.3W,50,996,-999,-999,-999,-999,-999,-999,-999,-999,-999,-999,-999,-999,-999
19950719,0000,-999,11,35.4N,65.8W,50,997,-999,-999,-999,-999,-999,-999,-999,-999,-999,-999,-999,-999,-999
19950719,0600,-999,11,36.2N,64.1W,50,997,-999,-999,-999,-999,-999,-999,-999,-999,-999,-999,-999,-999,-999
19950719,1200,-999,11,37.1N,62.4W,50,998,-999,-999,-999,-999,-999,-999,-999,-999,-999,-999,-999,-999,-999
19950719,1800,-999,11,38.2N,60.2W,50,998,-999,-999,-999,-999,-999,-999,-999,-999,-999,-999,-999,-999,-999
19950720,0000,-999,11,39.5N,57.6W,50,999,-999,-999,-999,-999,-999,-999,-999,-999,-999,-999,-999,-999,-999
19950720,0600,-999,11,41.1N,54.7W,50,999,-999,-999,-999,-999,-999,-999,-999,-999,-999,-999,-999,-999,-999
19950720,1200,-999,11,43.0N,51.7W,50,1000,-999,-999,-999,-999,-999,-999,-999,-999,-999,-999,-999,-999,-999
19950720,1800,-999,13,45.4N,48.8W,50,1000,-999,-999,-999,-999,-999,-999,-999,-999,-999,-999,-999,-999,-999
19950721,0000,-999,13,47.7N,45.2W,50,1001,-999,-999,-999,-999,-999,-999,-999,-999,-999,-999,-999,-999,-999
19950721,0600,-999,13,49.7N,41.6W,50,1002,-999,-999,-999,-999,-999,-999,-999,-999,-999,-999,-999,-999,-999
19950721,1200,-999,13,51.4N,37.0W,50,1003,-999,-999,-999,-999,-999,-999,-999,-999,-999,-999,-999,-999,-999
19950721,1800,-999,13,53.0N,31.0W,50,1005,-999,-999,-999,-999,-999,-999,-999,-999,-999,-999,-999,-999,-999
19950722,0000,-999,13,55.0N,20.0W,50,1005,-999,-999,-999,-999,-999,-999,-999,-999,-999,-999,-999,-999,-999
-999,-999,-999,-999,-999,-999,-999,-999,-999,-999,-999,-999,-999,-999,-999,-999,-999,-999,-999,-999,-999
-999,-999,-999,-999,-999,-999,-999,-999,-999,-999,-999,-999,-999,-999,-999,-999,-999,-999,-999,-999,-999
-999,-999,-999,-999,-999,-999,-999,-999,-999,-999,-999,-999,-999,-999,-999,-999,-999,-999,-999,-999,-999
-999,-999,-999,-999,-999,-999,-999,-999,-999,-999,-999,-999,-999,-999,-999,-999,-999,-999,-999,-999,-999
-999,-999,-999,-999,-999,-999,-999,-999,-999,-999,-999,-999,-999,-999,-999,-999,-999,-999,-999,-999,-999
-999,-999,-999,-999,-999,-999,-999,-999,-999,-999,-999,-999,-999,-999,-999,-999,-999,-999,-999,-999,-999
-999,-999,-999,-999,-999,-999,-999,-999,-999,-999,-999,-999,-999,-999,-999,-999,-999,-999,-999,-999,-999
-999,-999,-999,-999,-999,-999,-999,-999,-999,-999,-999,-999,-999,-999,-999,-999,-999,-999,-999,-999,-999
-999,-999,-999,-999,-999,-999,-999,-999,-999,-999,-999,-999,-999,-999,-999,-999,-999,-999,-999,-999,-999
-999,-999,-999,-999,-999,-999,-999,-999,-999,-999,-999,-999,-999,-999,-999,-999,-999,-999,-999,-999,-999
-999,-999,-999,-999,-999,-999,-999,-999,-999,-999,-999,-999,-999,-999,-999,-999,-999,-999,-999,-999,-999
-999,-999,-999,-999,-999,-999,-999,-999,-999,-999,-999,-999,-999,-999,-999,-999,-999,-999,-999,-999,-999
-999,-999,-999,-999,-999,-999,-999,-999,-999,-999,-999,-999,-999,-999,-999,-999,-999,-999,-999,-999,-999
-999,-999,-999,-999,-999,-999,-999,-999,-999,-999,-999,-999,-999,-999,-999,-999,-999,-999,-999,-999,-999
-999,-999,-999,-999,-999,-999,-999,-999,-999,-999,-999,-999,-999,-999,-999,-999,-999,-999,-999,-999,-999
-999,-999,-999,-999,-999,-999,-999,-999,-999,-999,-999,-999,-999,-999,-999,-999,-999,-999,-999,-999,-999
-999,-999,-999,-999,-999,-999,-999,-999,-999,-999,-999,-999,-999,-999,-999,-999,-999,-999,-999,-999,-999
-999,-999,-999,-999,-999,-999,-999,-999,-999,-999,-999,-999,-999,-999,-999,-999,-999,-999,-999,-999,-999
-999,-999,-999,-999,-999,-999,-999,-999,-999,-999,-999,-999,-999,-999,-999,-999,-999,-999,-999,-999,-999
-999,-999,-999,-999,-999,-999,-999,-999,-999,-999,-999,-999,-999,-999,-999,-999,-999,-999,-999,-999,-999
-999,-999,-999,-999,-999,-999,-999,-999,-999,-999,-999,-999,-999,-999,-999,-999,-999,-999,-999,-999,-999
-999,-999,-999,-999,-999,-999,-999,-999,-999,-999,-999,-999,-999,-999,-999,-999,-999,-999,-999,-999,-999
-999,-999,-999,-999,-999,-999,-999,-999,-999,-999,-999,-999,-999,-999,-999,-999,-999,-999,-999,-999,-999
-999,-999,-999,-999,-999,-999,-999,-999,-999,-999,-999,-999,-999,-999,-999,-999,-999,-999,-999,-999,-999
-999,-999,-999,-999,-999,-999,-999,-999,-999,-999,-999,-999,-999,-999,-999,-999,-999,-999,-999,-999,-999
-999,-999,-999,-999,-999,-999,-999,-999,-999,-999,-999,-999,-999,-999,-999,-999,-999,-999,-999,-999,-999
-999,-999,-999,-999,-999,-999,-999,-999,-999,-999,-999,-999,-999,-999,-999,-999,-999,-999,-999,-999,-999
-999,-999,-999,-999,-999,-999,-999,-999,-999,-999,-999,-999,-999,-999,-999,-999,-999,-999,-999,-999,-999
-999,-999,-999,-999,-999,-999,-999,-999,-999,-999,-999,-999,-999,-999,-999,-999,-999,-999,-999,-999,-999
-999,-999,-999,-999,-999,-999,-999,-999,-999,-999,-999,-999,-999,-999,-999,-999,-999,-999,-999,-999,-999
-999,-999,-999,-999,-999,-999,-999,-999,-999,-999,-999,-999,-999,-999,-999,-999,-999,-999,-999,-999,-999
-999,-999,-999,-999,-999,-999,-999,-999,-999,-999,-999,-999,-999,-999,-999,-999,-999,-999,-999,-999,-999
-999,-999,-999,-999,-999,-999,-999,-999,-999,-999,-999,-999,-999,-999,-999,-999,-999,-999,-999,-999,-999
-999,-999,-999,-999,-999,-999,-999,-999,-999,-999,-999,-999,-999,-999,-999,-999,-999,-999,-999,-999,-999
-999,-999,-999,-999,-999,-999,-999,-999,-999,-999,-999,-999,-999,-999,-999,-999,-999,-999,-999,-999,-999
-999,-999,-999,-999,-999,-999,-999,-999,-999,-999,-999,-999,-999,-999,-999,-999,-999,-999,-999,-999,-999
-999,-999,-999,-999,-999,-999,-999,-999,-999,-999,-999,-999,-999,-999,-999,-999,-999,-999,-999,-999,-999
-999,-999,-999,-999,-999,-999,-999,-999,-999,-999,-999,-999,-999,-999,-999,-999,-999,-999,-999,-999,-999
-999,-999,-999,-999,-999,-999,-999,-999,-999,-999,-999,-999,-999,-999,-999,-999,-999,-999,-999,-999,-999
-999,-999,-999,-999,-999,-999,-999,-999,-999,-999,-999,-999,-999,-999,-999,-999,-999,-999,-999,-999,-999
-999,-999,-999,-999,-999,-999,-999,-999,-999,-999,-999,-999,-999,-999,-999,-999,-999,-999,-999,-999,-999
-999,-999,-999,-999,-999,-999,-999,-999,-999,-999,-999,-999,-999,-999,-999,-999,-999,-999,-999,-999,-999
-999,-999,-999,-999,-999,-999,-999,-999,-999,-999,-999,-999,-999,-999,-999,-999,-999,-999,-999,-999,-999
-999,-999,-999,-999,-999,-999,-999,-999,-999,-999,-999,-999,-999,-999,-999,-999,-999,-999,-999,-999,-999
-999,-999,-999,-999,-999,-999,-999,-999,-999,-999,-999,-999,-999,-999,-999,-999,-999,-999,-999,-999,-999
-999,-999,-999,-999,-999,-999,-999,-999,-999,-999,-999,-999,-999,-999,-999,-999,-999,-999,-999,-999,-999
-999,-999,-999,-999,-999,-999,-999,-999,-999,-999,-999,-999,-999,-999,-999,-999,-999,-999,-999,-999,-999
-999,-999,-999,-999,-999,-999,-999,-999,-999,-999,-999,-999,-999,-999,-999,-999,-999,-999,-999,-999,-999
-999,-999,-999,-999,-999,-999,-999,-999,-999,-999,-999,-999,-999,-999,-999,-999,-999,-999,-999,-999,-999
-999,-999,-999,-999,-999,-999,-999,-999,-999,-999,-999,-999,-999,-999,-999,-999,-999,-999,-999,-999,-999
-999,-999,-999,-999,-999,-999,-999,-999,-999,-999,-999,-999,-999,-999,-999,-999,-999,-999,-999,-999,-999
-999,-999,-999,-999,-999,-999,-999,-999,-999,-999,-999,-999,-999,-999,-999,-999,-999,-999,-999,-999,-999
-999,-999,-999,-999,-999,-999,-999,-999,-999,-999,-999,-999,-999,-999,-999,-999,-999,-999,-999,-999,-999
-999,-999,-999,-999,-999,-999,-999,-999,-999,-999,-999,-999,-999,-999,-999,-999,-999,-999,-999,-999,-999
-999,-999,-999,-999,-999,-999,-999,-999,-999,-999,-999,-999,-999,-999,-999,-999,-999,-999,-999,-999,-999
-999,-999,-999,-999,-999,-999,-999,-999,-999,-999,-999,-999,-999,-999,-999,-999,-999,-999,-999,-999,-999
-999,-999,-999,-999,-999,-999,-999,-999,-999,-999,-999,-999,-999,-999,-999,-999,-999,-999,-999,-999,-999
-999,-999,-999,-999,-999,-999,-999,-999,-999,-999,-999,-999,-999,-999,-999,-999,-999,-999,-999,-999,-999
-999,-999,-999,-999,-999,-999,-999,-999,-999,-999,-999,-999,-999,-999,-999,-999,-999,-999,-999,-999,-999
-999,-999,-999,-999,-999,-999,-999,-999,-999,-999,-999,-999,-999,-999,-999,-999,-999,-999,-999,-999,-999
-999,-999,-999,-999,-999,-999,-999,-999,-999,-999,-999,-999,-999,-999,-999,-999,-999,-999,-999,-999,-999
-999,-999,-999,-999,-999,-999,-999,-999,-999,-999,-999,-999,-999,-999,-999,-999,-999,-999,-999,-999,-999
-999,-999,-999,-999,-999,-999,-999,-999,-999,-999,-999,-999,-999,-999,-999,-999,-999,-999,-999,-999,-999
-999,-999,-999,-999,-999,-999,-999,-999,-999,-999,-999,-999,-999,-999,-999,-999,-999,-999,-999,-999,-999
-999,-999,-999,-999,-999,-999,-999,-999,-999,-999,-999,-999,-999,-999,-999,-999,-999,-999,-999,-999,-999
-999,-999,-999,-999,-999,-999,-999,-999,-999,-999,-999,-999,-999,-999,-999,-999,-999,-999,-999,-999,-999
-999,-999,-999,-999,-999,-999,-999,-999,-999,-999,-999,-999,-999,-999,-999,-999,-999,-999,-999,-999,-999
-999,-999,-999,-999,-999,-999,-999,-999,-999,-999,-999,-999,-999,-999,-999,-999,-999,-999,-999,-999,-999
-999,-999,-999,-999,-999,-999,-999,-999,-999,-999,-999,-999,-999,-999,-999,-999,-999,-999,-999,-999,-999
-999,-999,-999,-999,-999,-999,-999,-999,-999,-999,-999,-999,-999,-999,-999,-999,-999,-999,-999,-999,-999
-999,-999,-999,-999,-999,-999,-999,-999,-999,-999,-999,-999,-999,-999,-999,-999,-999,-999,-999,-999,-999
-999,-999,-999,-999,-999,-999,-999,-999,-999,-999,-999,-999,-999,-999,-999,-999,-999,-999,-999,-999,-999
-999,-999,-999,-999,-999,-999,-999,-999,-999,-999,-999,-999,-999,-999,-999,-999,-999,-999,-999,-999,-999
-999,-999,-999,-999,-999,-999,-999,-999,-999,-999,-999,-999,-999,-999,-999,-999,-999,-999,-999,-999,-999
-999,-999,-999,-999,-999,-999,-999,-999,-999,-999,-999,-999,-999,-999,-999,-999,-999,-999,-999,-999,-999
-999,-999,-999,-999,-999,-999,-999,-999,-999,-999,-999,-999,-999,-999,-999,-999,-999,-999,-999,-999,-999
-999,-999,-999,-999,-999,-999,-999,-999,-999,-999,-999,-999,-999,-999,-999,-999,-999,-999,-999,-999,-999
-999,-999,-999,-999,-999,-999,-999,-999,-999,-999,-999,-999,-999,-999,-999,-999,-999,-999,-999,-999,-999
-999,-999,-999,-999,-999,-999,-999,-999,-999,-999,-999,-999,-999,-999,-999,-999,-999,-999,-999,-999,-999
-999,-999,-999,-999,-999,-999,-999,-999,-999,-999,-999,-999,-999,-999,-999,-999,-999,-999,-999,-999,-999
-999,-999,-999,-999,-999,-999,-999,-999,-999,-999,-999,-999,-999,-999,-999,-999,-999,-999,-999,-999,-999
-999,-999,-999,-999,-999,-999,-999,-999,-999,-999,-999,-999,-999,-999,-999,-999,-999,-999,-999,-999,-999
-999,-999,-999,-999,-999,-999,-999,-999,-999,-999,-999,-999,-999,-999,-999,-999,-999,-999,-999,-999,-999
-999,-999,-999,-999,-999,-999,-999,-999,-999,-999,-999,-999,-999,-999,-999,-999,-999,-999,-999,-999,-999
-999,-999,-999,-999,-999,-999,-999,-999,-999,-999,-999,-999,-999,-999,-999,-999,-999,-999,-999,-999,-999
-999,-999,-999,-999,-999,-999,-999,-999,-999,-999,-999,-999,-999,-999,-999,-999,-999,-999,-999,-999,-999
-999,-999,-999,-999,-999,-999,-999,-999,-999,-999,-999,-999,-999,-999,-999,-999,-999,-999,-999,-999,-999
-999,-999,-999,-999,-999,-999,-999,-999,-999,-999,-999,-999,-999,-999,-999,-999,-999,-999,-999,-999,-999
-999,-999,-999,-999,-999,-999,-999,-999,-999,-999,-999,-999,-999,-999,-999,-999,-999,-999,-999,-999,-999
-999,-999,-999,-999,-999,-999,-999,-999,-999,-999,-999,-999,-999,-999,-999,-999,-999,-999,-999,-999,-999
-999,-999,-999,-999,-999,-999,-999,-999,-999,-999,-999,-999,-999,-999,-999,-999,-999,-999,-999,-999,-999
19950712,1200,-999,10,18.1N,58.3W,25,1012,-999,-999,-999,-999,-999,-999,-999,-999,-999,-999,-999,-999,-999
19950712,1800,-999,10,18.7N,59.9W,30,1011,-999,-999,-999,-999,-999,-999,-999,-999,-999,-999,-999,-999,-999
19950713,0000,-999,10,19.2N,61.0W,30,1011,-999,-999,-999,-999,-999,-999,-999,-999,-999,-999,-999,-999,-999
19950713,0600,-999,10,19.6N,61.9W,30,1011,-999,-999,-999,-999,-999,-999,-999,-999,-999,-999,-999,-999,-999
19950713,1200,-999,10,20.1N,62.7W,30,1010,-999,-999,-999,-999,-999,-999,-999,-999,-999,-999,-999,-999,-999
19950713,1800,-999,10,20.6N,63.6W,30,1010,-999,-999,-999,-999,-999,-999,-999,-999,-999,-999,-999,-999,-999
19950714,0000,-999,11,21.1N,64.4W,35,1006,-999,-999,-999,-999,-999,-999,-999,-999,-999,-999,-999,-999,-999
19950714,0600,-999,11,21.1N,64.9W,35,1008,-999,-999,-999,-999,-999,-999,-999,-999,-999,-999,-999,-999,-999
19950714,1200,-999,11,21.1N,65.2W,35,1009,-999,-999,-999,-999,-999,-999,-999,-999,-999,-999,-999,-999,-999
19950714,1800,-999,11,21.3N,65.5W,40,1010,-999,-999,-999,-999,-999,-999,-999,-999,-999,-999,-999,-999,-999
19950715,0000,-999,11,21.8N,66.0W,40,1009,-999,-999,-999,-999,-999,-999,-999,-999,-999,-999,-999,-999,-999
19950715,0600,-999,11,22.3N,66.7W,45,1006,-999,-999,-999,-999,-999,-999,-999,-999,-999,-999,-999,-999,-999
19950715,1200,-999,11,22.7N,67.5W,45,1006,-999,-999,-999,-999,-999,-999,-999,-999,-999,-999,-999,-999,-999
19950715,1800,-999,11,23.2N,67.9W,45,1005,-999,-999,-999,-999,-999,-999,-999,-999,-999,-999,-999,-999,-999
19950716,0000,-999,11,23.7N,68.2W,45,1004,-999,-999,-999,-999,-999,-999,-999,-999,-999,-999,-999,-999,-999
19950716,0600,-999,11,24.5N,68.4W,50,999,-999,-999,-999,-999,-999,-999,-999,-999,-999,-999,-999,-999,-999
19950716,1200,-999,11,25.3N,68.8W,50,999,-999,-999,-999,-999,-999,-999,-999,-999,-999,-999,-999,-999,-999
19950716,1800,-999,11,26.2N,69.1W,55,997,-999,-999,-999,-999,-999,-999,-999,-999,-999,-999,-999,-999,-999
19950717,0000,-999,11,27.2N,69.4W,60,991,-999,-999,-999,-999,-999,-999,-999,-999,-999,-999,-999,-999,-999
19950717,0600,-999,11,28.2N,69.6W,60,995,-999,-999,-999,-999,-999,-999,-999,-999,-999,-999,-999,-999,-999
19950717,1200,-999,11,29.3N,69.8W,60,997,-999,-999,-999,-999,-999,-999,-999,-999,-999,-999,-999,-999,-999
19950717,1800,-999,11,30.5N,69.8W,55,995,-999,-999,-999,-999,-999,-999,-999,-999,-999,-999,-999,-999,-999
19950718,0000,-999,11,31.6N,69.7W,55,994,-999,-999,-999,-999,-999,-999,-999,-999,-999,-999,-999,-999,-999
19950718,0600,-999,11,32.6N,69.0W,55,994,-999,-999,-999,-999,-999,-999,-999,-999,-999,-999,-999,-999,-999
19950718,1200,-999,11,33.6N,68.1W,50,995,-999,-999,-999,-999,-999,-999,-999,-999,-999,-999,-999,-999,-999
19950718,1800,-999,11,34.6N,67.3W,50,996,-999,-999,-999,-999,-999,-999,-999,-999,-999,-999,-999,-999,-999
19950719,0000,-999,11,35.4N,65.8W,50,997,-999,-999,-999,-999,-999,-999,-999,-999,-999,-999,-999,-999,-999
19950719,0600,-999,11,36.2N,64.1W,50,997,-999,-999,-999,-999,-999,-999,-999,-999,-999,-999,-999,-999,-999
19950719,1200,-999,11,37.1N,62.4W,50,998,-999,-999,-999,-999,-999,-999,-999,-999,-999,-999,-999,-999,-999
19950719,1800,-999,11,38.2N,60.2W,50,998,-999,-999,-999,-999,-999,-999,-999,-999,-999,-999,-999,-999,-999
19950720,0000,-999,11,39.5N,57.6W,50,999,-999,-999,-999,-999,-999,-999,-999,-999,-999,-999,-999,-999,-999
19950720,0600,-999,11,41.1N,54.7W,50,999,-999,-999,-999,-999,-999,-999,-999,-999,-999,-999,-999,-999,-999
19950720,1200,-999,11,43.0N,51.7W,50,1000,-999,-999,-999,-999,-999,-999,-999,-999,-999,-999,-999,-999,-999
19950720,1800,-999,13,45.4N,48.8W,50,1000,-999,-999,-999,-999,-999,-999,-999,-999,-999,-999,-999,-999,-999
19950721,0000,-999,13,47.7N,45.2W,50,1001,-999,-999,-999,-999,-999,-999,-999,-999,-999,-999,-999,-999,-999
19950721,0600,-999,13,49.7N,41.6W,50,1002,-999,-999,-999,-999,-999,-999,-999,-999,-999,-999,-999,-999,-999
19950721,1200,-999,13,51.4N,37.0W,50,1003,-999,-999,-999,-999,-999,-999,-999,-999,-999,-999,-999,-999,-999
19950721,1800,-999,13,53.0N,31.0W,50,1005,-999,-999,-999,-999,-999,-999,-999,-999,-999,-999,-999,-999,-999
19950722,0000,-999,13,55.0N,20.0W,50,1005,-999,-999,-999,-999,-999,-999,-999,-999,-999,-999,-999,-999,-999
-999,-999,-999,-999,-999,-999,-999,-999,-999,-999,-999,-999,-999,-999,-999,-999,-999,-999,-999,-999,-999
-999,-999,-999,-999,-999,-999,-999,-999,-999,-999,-999,-999,-999,-999,-999,-999,-999,-999,-999,-999,-999
-999,-999,-999,-999,-999,-999,-999,-999,-999,-999,-999,-999,-999,-999,-999,-999,-999,-999,-999,-999,-999
-999,-999,-999,-999,-999,-999,-999,-999,-999,-999,-999,-999,-999,-999,-999,-999,-999,-999,-999,-999,-999
-999,-999,-999,-999,-999,-999,-999,-999,-999,-999,-999,-999,-999,-999,-999,-999,-999,-999,-999,-999,-999
-999,-999,-999,-999,-999,-999,-999,-999,-999,-999,-999,-999,-999,-999,-999,-999,-999,-999,-999,-999,-999
-999,-999,-999,-999,-999,-999,-999,-999,-999,-999,-999,-999,-999,-999,-999,-999,-999,-999,-999,-999,-999
-999,-999,-999,-999,-999,-999,-999,-999,-999,-999,-999,-999,-999,-999,-999,-999,-999,-999,-999,-999,-999
-999,-999,-999,-999,-999,-999,-999,-999,-999,-999,-999,-999,-999,-999,-999,-999,-999,-999,-999,-999,-999
-999,-999,-999,-999,-999,-999,-999,-999,-999,-999,-999,-999,-999,-999,-999,-999,-999,-999,-999,-999,-999
-999,-999,-999,-999,-999,-999,-999,-999,-999,-999,-999,-999,-999,-999,-999,-999,-999,-999,-999,-999,-999
-999,-999,-999,-999,-999,-999,-999,-999,-999,-999,-999,-999,-999,-999,-999,-999,-999,-999,-999,-999,-999
-999,-999,-999,-999,-999,-999,-999,-999,-999,-999,-999,-999,-999,-999,-999,-999,-999,-999,-999,-999,-999
-999,-999,-999,-999,-999,-999,-999,-999,-999,-999,-999,-999,-999,-999,-999,-999,-999,-999,-999,-999,-999
-999,-999,-999,-999,-999,-999,-999,-999,-999,-999,-999,-999,-999,-999,-999,-999,-999,-999,-999,-999,-999
-999,-999,-999,-999,-999,-999,-999,-999,-999,-999,-999,-999,-999,-999,-999,-999,-999,-999,-999,-999,-999
-999,-999,-999,-999,-999,-999,-999,-999,-999,-999,-999,-999,-999,-999,-999,-999,-999,-999,-999,-999,-999
-999,-999,-999,-999,-999,-999,-999,-999,-999,-999,-999,-999,-999,-999,-999,-999,-999,-999,-999,-999,-999
-999,-999,-999,-999,-999,-999,-999,-999,-999,-999,-999,-999,-999,-999,-999,-999,-999,-999,-999,-999,-999
-999,-999,-999,-999,-999,-999,-999,-999,-999,-999,-999,-999,-999,-999,-999,-999,-999,-999,-999,-999,-999
-999,-999,-999,-999,-999,-999,-999,-999,-999,-999,-999,-999,-999,-999,-999,-999,-999,-999,-999,-999,-999
-999,-999,-999,-999,-999,-999,-999,-999,-999,-999,-999,-999,-999,-999,-999,-999,-999,-999,-999,-999,-999
-999,-999,-999,-999,-999,-999,-999,-999,-999,-999,-999,-999,-999,-999,-999,-999,-999,-999,-999,-999,-999
-999,-999,-999,-999,-999,-999,-999,-999,-999,-999,-999,-999,-999,-999,-999,-999,-999,-999,-999,-999,-999
-999,-999,-999,-999,-999,-999,-999,-999,-999,-999,-999,-999,-999,-999,-999,-999,-999,-999,-999,-999,-999
-999,-999,-999,-999,-999,-999,-999,-999,-999,-999,-999,-999,-999,-999,-999,-999,-999,-999,-999,-999,-999
-999,-999,-999,-999,-999,-999,-999,-999,-999,-999,-999,-999,-999,-999,-999,-999,-999,-999,-999,-999,-999
-999,-999,-999,-999,-999,-999,-999,-999,-999,-999,-999,-999,-999,-999,-999,-999,-999,-999,-999,-999,-999
-999,-999,-999,-999,-999,-999,-999,-999,-999,-999,-999,-999,-999,-999,-999,-999,-999,-999,-999,-999,-999
-999,-999,-999,-999,-999,-999,-999,-999,-999,-999,-999,-999,-999,-999,-999,-999,-999,-999,-999,-999,-999
-999,-999,-999,-999,-999,-999,-999,-999,-999,-999,-999,-999,-999,-999,-999,-999,-999,-999,-999,-999,-999
-999,-999,-999,-999,-999,-999,-999,-999,-999,-999,-999,-999,-999,-999,-999,-999,-999,-999,-999,-999,-999
-999,-999,-999,-999,-999,-999,-999,-999,-999,-999,-999,-999,-999,-999,-999,-999,-999,-999,-999,-999,-999
-999,-999,-999,-999,-999,-999,-999,-999,-999,-999,-999,-999,-999,-999,-999,-999,-999,-999,-999,-999,-999
-999,-999,-999,-999,-999,-999,-999,-999,-999,-999,-999,-999,-999,-999,-999,-999,-999,-999,-999,-999,-999
-999,-999,-999,-999,-999,-999,-999,-999,-999,-999,-999,-999,-999,-999,-999,-999,-999,-999,-999,-999,-999
-999,-999,-999,-999,-999,-999,-999,-999,-999,-999,-999,-999,-999,-999,-999,-999,-999,-999,-999,-999,-999
-999,-999,-999,-999,-999,-999,-999,-999,-999,-999,-999,-999,-999,-999,-999,-999,-999,-999,-999,-999,-999
-999,-999,-999,-999,-999,-999,-999,-999,-999,-999,-999,-999,-999,-999,-999,-999,-999,-999,-999,-999,-999
-999,-999,-999,-999,-999,-999,-999,-999,-999,-999,-999,-999,-999,-999,-999,-999,-999,-999,-999,-999,-999
-999,-999,-999,-999,-999,-999,-999,-999,-999,-999,-999,-999,-999,-999,-999,-999,-999,-999,-999,-999,-999
-999,-999,-999,-999,-999,-999,-999,-999,-999,-999,-999,-999,-999,-999,-999,-999,-999,-999,-999,-999,-999
-999,-999,-999,-999,-999,-999,-999,-999,-999,-999,-999,-999,-999,-999,-999,-999,-999,-999,-999,-999,-999
-999,-999,-999,-999,-999,-999,-999,-999,-999,-999,-999,-999,-999,-999,-999,-999,-999,-999,-999,-999,-999
-999,-999,-999,-999,-999,-999,-999,-999,-999,-999,-999,-999,-999,-999,-999,-999,-999,-999,-999,-999,-999
-999,-999,-999,-999,-999,-999,-999,-999,-999,-999,-999,-999,-999,-999,-999,-999,-999,-999,-999,-999,-999
-999,-999,-999,-999,-999,-999,-999,-999,-999,-999,-999,-999,-999,-999,-999,-999,-999,-999,-999,-999,-999
-999,-999,-999,-999,-999,-999,-999,-999,-999,-999,-999,-999,-999,-999,-999,-999,-999,-999,-999,-999,-999
-999,-999,-999,-999,-999,-999,-999,-999,-999,-999,-999,-999,-999,-999,-999,-999,-999,-999,-999,-999,-999
-999,-999,-999,-999,-999,-999,-999,-999,-999,-999,-999,-999,-999,-999,-999,-999,-999,-999,-999,-999,-999
-999,-999,-999,-999,-999,-999,-999,-999,-999,-999,-999,-999,-999,-999,-999,-999,-999,-999,-999,-999,-999
-999,-999,-999,-999,-999,-999,-999,-999,-999,-999,-999,-999,-999,-999,-999,-999,-999,-999,-999,-999,-999
-999,-999,-999,-999,-999,-999,-999,-999,-999,-999,-999,-999,-999,-999,-999,-999,-999,-999,-999,-999,-999
-999,-999,-999,-999,-999,-999,-999,-999,-999,-999,-999,-999,-999,-999,-999,-999,-999,-999,-999,-999,-999
-999,-999,-999,-999,-999,-999,-999,-999,-999,-999,-999,-999,-999,-999,-999,-999,-999,-999,-999,-999,-999
-999,-999,-999,-999,-999,-999,-999,-999,-999,-999,-999,-999,-999,-999,-999,-999,-999,-999,-999,-999,-999
-999,-999,-999,-999,-999,-999,-999,-999,-999,-999,-999,-999,-999,-999,-999,-999,-999,-999,-999,-999,-999
-999,-999,-999,-999,-999,-999,-999,-999,-999,-999,-999,-999,-999,-999,-999,-999,-999,-999,-999,-999,-999
-999,-999,-999,-999,-999,-999,-999,-999,-999,-999,-999,-999,-999,-999,-999,-999,-999,-999,-999,-999,-999
-999,-999,-999,-999,-999,-999,-999,-999,-999,-999,-999,-999,-999,-999,-999,-999,-999,-999,-999,-999,-999
-999,-999,-999,-999,-999,-999,-999,-999,-999,-999,-999,-999,-999,-999,-999,-999,-999,-999,-999,-999,-999
-999,-999,-999,-999,-999,-999,-999,-999,-999,-999,-999,-999,-999,-999,-999,-999,-999,-999,-999,-999,-999
-999,-999,-999,-999,-999,-999,-999,-999,-999,-999,-999,-999,-999,-999,-999,-999,-999,-999,-999,-999,-999
-999,-999,-999,-999,-999,-999,-999,-999,-999,-999,-999,-999,-999,-999,-999,-999,-999,-999,-999,-999,-999
-999,-999,-999,-999,-999,-999,-999,-999,-999,-999,-999,-999,-999,-999,-999,-999,-999,-999,-999,-999,-999
-999,-999,-999,-999,-999,-999,-999,-999,-999,-999,-999,-999,-999,-999,-999,-999,-999,-999,-999,-999,-999
-999,-999,-999,-999,-999,-999,-999,-999,-999,-999,-999,-999,-999,-999,-999,-999,-999,-999,-999,-999,-999
-999,-999,-999,-999,-999,-999,-999,-999,-999,-999,-999,-999,-999,-999,-999,-999,-999,-999,-999,-999,-999
-999,-999,-999,-999,-999,-999,-999,-999,-999,-999,-999,-999,-999,-999,-999,-999,-999,-999,-999,-999,-999
-999,-999,-999,-999,-999,-999,-999,-999,-999,-999,-999,-999,-999,-999,-999,-999,-999,-999,-999,-999,-999
-999,-999,-999,-999,-999,-999,-999,-999,-999,-999,-999,-999,-999,-999,-999,-999,-999,-999,-999,-999,-999
-999,-999,-999,-999,-999,-999,-999,-999,-999,-999,-999,-999,-999,-999,-999,-999,-999,-999,-999,-999,-999
-999,-999,-999,-999,-999,-999,-999,-999,-999,-999,-999,-999,-999,-999,-999,-999,-999,-999,-999,-999,-999
-999,-999,-999,-999,-999,-999,-999,-999,-999,-999,-999,-999,-999,-999,-999,-999,-999,-999,-999,-999,-999
-999,-999,-999,-999,-999,-999,-999,-999,-999,-999,-999,-999,-999,-999,-999,-999,-999,-999,-999,-999,-999
-999,-999,-999,-999,-999,-999,-999,-999,-999,-999,-999,-999,-999,-999,-999,-999,-999,-999,-999,-999,-999
-999,-999,-999,-999,-999,-999,-999,-999,-999,-999,-999,-999,-999,-999,-999,-999,-999,-999,-999,-999,-999
-999,-999,-999,-999,-999,-999,-999,-999,-999,-999,-999,-999,-999,-999,-999,-999,-999,-999,-999,-999,-999
-999,-999,-999,-999,-999,-999,-999,-999,-999,-999,-999,-999,-999,-999,-999,-999,-999,-999,-999,-999,-999
-999,-999,-999,-999,-999,-999,-999,-999,-999,-999,-999,-999,-999,-999,-999,-999,-999,-999,-999,-999,-999
-999,-999,-999,-999,-999,-999,-999,-999,-999,-999,-999,-999,-999,-999,-999,-999,-999,-999,-999,-999,-999
-999,-999,-999,-999,-999,-999,-999,-999,-999,-999,-999,-999,-999,-999,-999,-999,-999,-999,-999,-999,-999
-999,-999,-999,-999,-999,-999,-999,-999,-999,-999,-999,-999,-999,-999,-999,-999,-999,-999,-999,-999,-999
-999,-999,-999,-999,-999,-999,-999,-999,-999,-999,-999,-999,-999,-999,-999,-999,-999,-999,-999,-999,-999
-999,-999,-999,-999,-999,-999,-999,-999,-999,-999,-999,-999,-999,-999,-999,-999,-999,-999,-999,-999,-999
-999,-999,-999,-999,-999,-999,-999,-999,-999,-999,-999,-999,-999,-999,-999,-999,-999,-999,-999,-999,-999
-999,-999,-999,-999,-999,-999,-999,-999,-999,-999,-999,-999,-999,-999,-999,-999,-999,-999,-999,-999,-999
-999,-999,-999,-999,-999,-999,-999,-999,-999,-999,-999,-999,-999,-999,-999,-999,-999,-999,-999,-999,-999
-999,-999,-999,-999,-999,-999,-999,-999,-999,-999,-999,-999,-999,-999,-999,-999,-999,-999,-999,-999,-999
-999,-999,-999,-999,-999,-999,-999,-999,-999,-999,-999,-999,-999,-999,-999,-999,-999,-999,-999,-999,-999
-999,-999,-999,-999,-999,-999,-999,-999,-999,-999,-999,-999,-999,-999,-999,-999,-999,-999,-999,-999,-999
